sesion_7_reto_final/reto_final/Futuro2040/modelo_enebrales2040.asc
NCOLS 708 
NROWS 329 
XLLCORNER -7.525 
YLLCORNER 35.991667 
CELLSIZE 0.008333 
NODATA_value -9999 
[rows 38 to 56 of 329, columns 220 to 263 of 708]
-9999 -9999 -9999 -9999 -9999 -9999 -9999 -9999 -9999 -9999 -9999 -9999 -9999 -9999 0.16250692914099 0.16465106741866 0.163419501053027 0.163525832537559 0.158654442261344 0.166504503557919 0.175438535372732 0.121548227073164 0.114796817786557 0.118569556052804 0.103601852471974 0.118702470408469 0.0703721987244615 0.0845070790066527 0.0166592162293069 0.0215144873719564 0.0180873264304383 0.158833477509809 0.0888914951111721 0.188049437706828 0.102772448061438 0.0947628895380655 0.0925817046516944 0.0873276904420506 0.0583846038058274 0.0542026587350188 0.051199114287577 -0.00612881869107727 -0.000318273631692231 0.0122660458312707
-9999 -9999 -9999 -9999 -9999 -9999 -9999 -9999 -9999 -9999 -9999 -9999 -9999 -9999 0.161817483935584 0.167018332402962 0.159593597044515 0.156350806756876 0.156138143787813 0.164730816032059 0.160825163410148 0.253502014986903 0.19530592154496 0.107413346790972 0.103548686729708 0.101643794292235 0.101590628549969 0.0752170061295432 0.0671294084368231 0.0693001295856264 0.0152947355080093 0.0175717881413444 0.078115928536504 0.0750875106619802 0.165912635543528 0.147482162054315 0.0915998478638261 0.0628589604590986 0.0297870944943327 -0.00194687362026849 -0.00401126328453992 -0.006288315917875 -0.00636806453127387 0.0492942218501033
-9999 -9999 -9999 -9999 -9999 -9999 -9999 -9999 -9999 -9999 -9999 -9999 -9999 -9999 0.25151737393603 0.244631660840291 0.187984370585158 0.179655817608191 0.15750262450911 0.165457307846166 0.158681025132477 0.166238674846589 0.170473785659664 0.148993918632424 0.078193967705852 0.101670377163368 0.101803291519032 0.101803291519032 0.10196278874583 0.0744905143154365 0.0110064589526688 0.0675547343749504 0.0124506882873653 0.0134430088128015 0.0125570197718971 0.0719227595436898 0.143681131472885 0.064949932994503 0.00445895834160922 0.00035676188419943 0.0534761669209121 -0.000635558641236796 0.0559658825233107 0.0675844643319704
-9999 -9999 -9999 -9999 -9999 -9999 -9999 -9999 -9999 -9999 -9999 -9999 -9999 -9999 0.164996644743389 0.162269392744844 0.17338882720019 0.24417975203103 0.178743245696153 0.16160482096652 0.159540431302249 0.16800018919083 0.160072088724908 0.152872988383203 0.107137054342075 0.103867681183304 0.102795612044469 0.102795612044469 0.0880405714327026 0.0723197931666333 0.0181549018622185 0.0735513595322661 0.064365109829578 0.063213292077344 0.0593237585889978 0.00395388379008306 0.0028020660378491 0.00164149399209817 0.0539014928590394 0.0529091723336031 -0.00251386820757753 0.0263494698152468 0.0543372825347344 0.098556603467815
-9999 -9999 -9999 -9999 -9999 -9999 -9999 -9999 -9999 -9999 -9999 -9999 -9999 -9999 -9999 -9999 0.163738495506623 0.16585605091316 0.165113439965488 0.250434841059627 0.165627268810531 0.148754672792228 0.147948432364722 0.152332576667027 0.151854084986634 0.107057305728676 0.105444824873665 0.104133509894633 0.0742512684752399 0.0192801367433195 0.0736045252745321 0.0734450280477343 0.100057896308357 0.0968151060207182 0.0659937098181544 0.0631230797263774 0.0589411346555687 -0.0249465008414419 0.00054113253807927 0.05475918958476 -0.00193075448670335 -0.00588957285088066 0.0548938133844756 0.085344758835229
-9999 -9999 -9999 -9999 -9999 -9999 -9999 -9999 -9999 -9999 -9999 -9999 -9999 -9999 -9999 -9999 0.158351566941314 0.158378149812447 0.150835181590064 0.155123458145405 0.152343040404595 0.15329831432133 0.110629554207478 0.117671665632496 0.115607275968224 0.111318999412884 0.108395203578841 0.123123661319474 0.0936401629670749 0.0385095340083568 0.0705848616935251 0.0960459122019133 0.101050216833793 0.0968151060207182 0.0927129095633083 0.0896296165024678 0.0588879689133028 0.057062825089228 0.0519683081063819 -0.0322117389730912 -0.0353216149050648 -0.00745059740767673 0.0443326192229221 0.0826319165261989
-9999 -9999 -9999 -9999 -9999 -9999 -9999 -9999 -9999 -9999 -9999 -9999 -9999 -9999 -9999 0.154222787612771 0.159450218951282 0.163552415408692 0.14968336383783 0.111832828257927 0.115128784287831 0.116333767782331 0.160058477901453 0.175965336265453 0.242360215414586 0.118637403286799 0.130229402224326 0.113383389077155 0.0998333319598891 0.0344178012885148 0.0887687726908602 0.0987748736445086 0.118667133243819 0.105892515928764 0.0971606833454467 0.0920130006203346 0.0879905527763237 0.0584007229393926 0.0541124463840522 -0.00444705296023498 0.0465813795410733 -0.0246156050084426 0.0445967384902008 0.0365357236686137
-9999 -9999 -9999 -9999 -9999 -9999 -9999 -9999 -9999 -9999 -9999 -9999 -9999 -9999 -9999 0.157571909384941 0.163658746893224 0.150028941162559 0.154937378047474 0.117724831374762 0.154644966465012 0.160625472488762 0.161777290240996 0.172828877462347 0.193396172577549 0.129699454245717 0.135908742372097 0.119895552523565 0.0810663072416798 0.0250762721131902 0.0772033566244666 0.100972177664445 0.113955240194402 0.0937601052750614 0.0976391750258399 0.0953621223925048 0.0913130916773609 0.0585070544239245 -0.00594273859314657 0.0532796230854136 0.0361411983557807 -0.0234372043850756 0.0286101315128018 0.0679136507209187
-9999 -9999 -9999 -9999 -9999 -9999 -9999 -9999 -9999 -9999 -9999 -9999 -9999 -9999 -9999 0.0490560466781812 0.10847495219224 0.108634449419038 0.116519847880262 0.119142477838325 0.165844149533756 0.182371168227331 0.267570118703373 0.263689339508544 0.190890337841585 0.1210844168845 0.131551180940925 0.127821144679377 0.0841761831736534 0.0263875870922219 0.0843517995340163 0.10967993568674 0.10437275573483 0.100855382442345 0.0989770728760045 0.0948217106763288 0.063947148731499 0.0725090203504509 0.00147153302773273 0.061444461081422 0.0476285752528263 0.0013875666601725 0.0376609585497147 0.0434053658191555
-9999 -9999 -9999 -9999 -9999 -9999 -9999 -9999 -9999 -9999 -9999 -9999 -9999 -9999 0.187028824866208 0.106383979656836 0.0563478676809635 0.0584388402163679 0.117379254050033 0.12070179295107 0.126806459036969 0.20245997166214 0.278264227220592 0.272506847903473 0.273010213010948 0.214727006115558 0.212926735718565 0.135626794527202 0.0926978610980176 0.0477328303197457 0.0831468160395164 0.0787787908707771 0.0990921586540532 0.0968682717629841 0.0929787382746379 0.0888765418172281 0.0604651126036641 0.00225119058410536 0.00910471360108203 0.060930632236379 0.0694806024759271 0.00660624370516645 0.00647332934950167 0.0518224217030388
-9999 -9999 -9999 -9999 -9999 -9999 -9999 -9999 -9999 -9999 -9999 -9999 -9999 -9999 -9999 -9999 0.0881615844089637 0.0911917117275384 0.0470724762955831 0.0774685465600197 0.134876228152073 0.155018197329148 0.207554488644986 0.208575101485606 0.283573116616552 0.221974735660174 0.151468585769532 0.141173220319308 0.0963393944526503 0.101605310041698 0.0397145175028567 0.0771131442735 0.103832344018654 0.095814031201765 0.091800337651271 0.086652654926159 0.055911007336994 -0.00222316606916587 0.0545377723221795 0.0647669999824592 0.0614622896590381 0.0579005049178043 0.00424944245843256 0.0367130494730274
-9999 -9999 -9999 -9999 -9999 -9999 -9999 -9999 -9999 -9999 -9999 -9999 -9999 -9999 -9999 -9999 0.0359015855420225 0.0502886837120885 0.115730797254596 0.118495095861841 0.0940795316211549 0.0900675475147117 0.146801903034924 0.28319924697664 0.283892111070148 0.29186633242887 0.212749729904734 0.148773572038118 0.136698863666037 0.103776031190501 0.0390765285956657 0.0899898753189254 0.0909821958443616 0.111508226596701 0.0947951278051959 0.0894081992398872 0.0565489962441849 -0.00337498382139983 0.0468206253812699 0.0758700435020249 0.0667369595416026 0.0385647761682352 -0.019968140304919 -0.107665560676877
-9999 -9999 -9999 -9999 -9999 -9999 -9999 -9999 -9999 -9999 -9999 -9999 -9999 -9999 -9999 -9999 -9999 -9999 0.0828356183184672 0.14005721981259 0.134007428913008 0.153578185748612 0.0883487351751687 0.100454562957738 0.14985439547047 0.203319377831911 0.146797685280763 0.145052290070087 0.126195053000911 0.0847061311522617 0.0906100356485002 0.0170828327233834 0.0852762728254575 0.111375312241037 0.093510395697297 0.0622902564277389 0.0552376812651532 -0.00705185434068239 0.0437639151915622 0.0684718910147108 0.0656012609229338 0.0377568262966787 -0.139151528657765 -0.00396963194811626
-9999 -9999 -9999 -9999 -9999 -9999 -9999 -9999 -9999 -9999 -9999 -9999 -9999 -9999 -9999 -9999 -9999 -9999 0.0883907984040905 0.0882313011772927 0.135832572737083 0.152373202254112 0.163327212284448 0.158179529559336 0.199915380873424 0.143659517033605 0.0854455950140466 0.0818484731081629 0.134135054846237 0.0875131317642049 0.0826844434926883 0.0233984523342945 0.0893414226741666 0.099400689370081 0.0687387903943148 0.0645302624523731 0.00511135693831451 0.0469535397369347 0.0458814705980996 0.0672669075202109 0.0367645057712425 0.0346735332358382 -0.104504228446688 -0.116020696524977
-9999 -9999 -9999 -9999 -9999 -9999 -9999 -9999 -9999 -9999 -9999 -9999 -9999 -9999 -9999 -9999 -9999 -9999 0.0949431555450878 0.0858496265034768 0.13155475991931 0.13034977642481 0.134623371488422 0.129582020247841 0.120023610349292 0.116993483030717 0.112864703702174 0.097143925436105 0.05504952474961 0.0488563557567959 -0.0124940250658694 0.0356106116013959 0.0703246883781929 0.0683134644561875 0.0662756576630491 0.00696308363352224 0.00495185971151678 0.0499836670555093 0.0468737911235358 0.0417526912695568 -0.0454043173862252 -0.101474101128114 -0.0745422384138959 -0.0505254172402042
-9999 -9999 -9999 -9999 -9999 -9999 -9999 -9999 -9999 -9999 -9999 -9999 -9999 -9999 -9999 -9999 -9999 -9999 0.134770967335816 0.0828299629224699 0.0468979306034947 0.126869449741026 0.125770797731058 0.149947116131547 0.155877603498919 0.15124374961885 0.149046445598914 0.142286282018791 0.138423331401578 0.0925279001336521 0.10125663381945 -0.0143191688899442 0.016806540274486 0.0127575095593421 0.00892114181326179 0.0612874721647348 0.0602154030258997 0.00492527684038382 -0.00325253320330287 -0.0944215259655279 -0.0136969321427568 -0.0177991286001667 -0.130470353506603 -0.0496660110704327
-9999 -9999 -9999 -9999 -9999 -9999 -9999 -9999 -9999 -9999 -9999 -9999 -9999 -9999 -9999 -9999 -9999 -9999 -9999 -9999 0.132256378306335 0.0809355342225639 0.127411570901253 0.136832848689976 0.163382087470765 0.155081826808981 0.148862074945034 0.149657851634972 0.138316999917046 0.131858002212902 0.0915089967370829 0.167351736546072 0.0228933777827684 -0.0373317681587959 -0.126234172025254 -0.130283202740398 -0.0760385628225839 -0.0780232038734564 0.0591964996293304 -0.00750376314994264 -0.0116325424784854 -0.067082165890799 -0.0425071044233152 0.0668947473243495
-9999 -9999 -9999 -9999 -9999 -9999 -9999 -9999 -9999 -9999 -9999 -9999 -9999 -9999 -9999 -9999 -9999 -9999 -9999 -9999 0.0952918317673356 0.0854588388639397 0.0188425424522269 0.0714481186438965 0.0851576729879603 0.0822870428961834 0.0700070363950868 0.0677282743177009 0.0616414368094186 0.040241318395578 0.0355189616085933 -0.0226949604109654 -0.0232619549982744 -0.105547573377842 -0.118942351022471 0.0140954074095068 0.0110652800909321 0.0089743075555277 0.090770970517134 0.0243365364491905 0.0773230271302383 0.0762509579914032 0.0781824333000098 0.0771635299034405
-9999 -9999 -9999 -9999 -9999 -9999 -9999 -9999 -9999 -9999 -9999 -9999 -9999 -9999 -9999 -9999 -9999 -9999 -9999 -9999 0.170126131917323 0.127473490937036 0.0746199146116528 0.0801663404037592 0.0911381790117109 0.0840856038491251 0.0745433130841408 0.0666932517875665 0.0604734999236193 0.0616414368094186 0.0470724762955831 0.10104253320855 -0.0370631593351409 -0.0433360769413539 0.082897106461752 0.0785290812930126 0.158394268946012 0.0375822806045902 0.0938115615732765 0.0916674232956062 0.101115283955463 0.0984146148280511 0.0905792350232059 0.105362567950156
