sesion_7_reto_final/reto_final/Futuro2040/modelo_enebrales2040.asc
NCOLS 708 
NROWS 329 
XLLCORNER -7.525 
YLLCORNER 35.991667 
CELLSIZE 0.008333 
NODATA_value -9999 
[rows 95 to 113 of 329, columns 440 to 483 of 708]
-0.0961479763427062 -0.142362402064227 -0.165321835590813 -0.16958352927502 -0.172613656593595 -0.232918551148558 -0.184175925574102 -0.212100108813756 -0.271279768487618 -0.221695565321006 -0.166352273393224 -0.159813527075682 -0.151369888320665 -0.207249374210462 -0.172761571226183 -0.293726330730131 -0.2609906490208 -0.281073206472203 -0.146319144010792 -0.215604990139428 -0.192730912433871 -0.199640109503224 -0.203898704289912 -0.227026389336812 -0.178663288798266 -0.178929117509595 -0.247082363917082 -0.193140599319298 -0.23006495216371 -0.230871192591215 -0.232669753544157 -0.234441731625966 -0.241414558175153 -0.211124819395248 -0.210709957194689 -0.205306909495815 -0.228625531170584 -0.286256339469268 -0.275803186236297 -0.289805152162824 -0.183420455686055 -0.207570191215412 -0.185560376209564 -0.192280984870876
-0.141235457739075 -0.152354892194421 -0.158946804254229 -0.18974161758566 -0.196946325134995 -0.208279860201241 -0.252156702707112 -0.206770563744874 -0.182427383277539 -0.372890651879186 -0.173351682813544 -0.194381078673359 -0.249998953605987 -0.146988252328471 -0.135090869760804 -0.134745292436076 -0.144330285205758 -0.240195051883835 -0.217883432226231 -0.169102370589606 -0.173186738469399 -0.183950131862449 -0.18232718726987 -0.181002261467384 -0.18522690854289 -0.285180899630699 -0.207475969388935 -0.201598647763829 -0.244016260658081 -0.245698026388923 -0.24642451820303 -0.249968474366647 -0.253530259107881 -0.255966808968014 -0.220841017076545 -0.24127118008192 -0.269958901744382 -0.29139921385281 -0.277977853337047 -0.384120795663508 -0.26919910099487 -0.23464030369071 -0.237413676582054 -0.234918305583658
-0.149484262102644 -0.153985201627048 -0.200500793224548 -0.188244222508698 -0.248495951321395 -0.199345828386427 -0.316978655920045 -0.26281376461563 -0.382351484586721 -0.385160194642715 -0.234266273960514 -0.23375073567142 -0.170716879673862 -0.152958294614654 -0.124794865534804 -0.129109724961277 -0.139952866967725 -0.171729537087025 -0.304436399686004 -0.319796600350421 -0.24275763134045 -0.243464905123472 -0.200630401799415 -0.2226787010558 -0.233238185773302 -0.290015243298213 -0.202341258711501 -0.208116466606236 -0.248257026867153 -0.25417390341107 -0.261809592294529 -0.269037783817478 -0.265699125782876 -0.239139423264519 -0.260880901248927 -0.255504436421186 -0.325547094908357 -0.239373652484495 -0.288447125703583 -0.330837085058428 -0.219618843780205 -0.210592091304315 -0.177176357458871 -0.177399484165503
-0.157189235861935 -0.161479221861326 -0.186523700725104 -0.286964937786822 -0.265430467375481 -0.265027187769131 -0.266331137908115 -0.270289956272292 -0.27289646709679 -0.424069188537999 -0.211888516512967 -0.209122508461671 -0.210591611223449 -0.179796797892018 -0.188557721656579 -0.186351663343126 -0.194529473386813 -0.226571972217442 -0.244653769484406 -0.388773915763029 -0.335705967024532 -0.392768071291856 -0.400501337366331 -0.417319058198318 -0.351089331671981 -0.28284272582764 -0.288591350851243 -0.28985371784217 -0.272214436315172 -0.256072549865137 -0.26482300989213 -0.280333633499246 -0.30686675314647 -0.285255681207616 -0.271198041228713 -0.31817178761888 -0.248193397387319 -0.249869507722164 -0.228350085776113 -0.284678333389283 -0.276066443113952 -0.219767877269435 -0.211219616473938 -0.18963027087628
-0.133963973624019 -0.163975982313191 -0.189376502239265 -0.19511637296935 -0.204605497992069 -0.212129199994999 -0.32278920097943 -0.279380338228016 -0.217858558799149 -0.438877394892031 -0.222253166839022 -0.195337423258369 -0.197612766447653 -0.195750576014878 -0.193287443283612 -0.194846758396357 -0.204210333903459 -0.217713152476672 -0.254557756707684 -0.259136735401436 -0.310705579618921 -0.315736467121933 -0.356382101934376 -0.268948800829697 -0.327974618672759 -0.331960019908069 -0.340880440899427 -0.345317750943998 -0.273026332138675 -0.291781455477481 -0.287197029666382 -0.316261928144925 -0.35625911031261 -0.366215783197288 -0.343884465427735 -0.272312812372247 -0.25635027995587 -0.222969883275077 -0.239103015431595 -0.23498469984062 -0.280804919034502 -0.274638332912821 -0.217629394387762 -0.188563857133442
-0.133102858010197 -0.164479347420666 -0.166385949302191 -0.173268563500411 -0.22035424858274 -0.265911467365985 -0.336104230010661 -0.230964071947203 -0.218558467742123 -0.421238113365033 -0.369456606178485 -0.227300173475599 -0.199783487596457 -0.203545762125135 -0.201516709625514 -0.165941837225477 -0.212776423276572 -0.222770622850817 -0.228714082265867 -0.261110912714741 -0.314707099987796 -0.323326355103175 -0.27965902848048 -0.277052517655982 -0.281498581994069 -0.275401280748219 -0.284374867481844 -0.320519562769883 -0.33877697639721 -0.293559088955287 -0.313400691122442 -0.338655804726038 -0.362468398438989 -0.372467773328366 -0.289353069323456 -0.269245638444971 -0.229122906761671 -0.218093684657292 -0.239234220343209 -0.239659546281336 -0.287790765819735 -0.282369889543245 -0.220479097004404 -0.194869013006785
-0.157983303107822 -0.164045267189022 -0.167828469192836 -0.172231831526226 -0.200855923708853 -0.264855517360715 -0.332824393114322 -0.288095461090359 -0.220479479313162 -0.289288543205455 -0.324212135865429 -0.237480453147774 -0.210387383762708 -0.213646293183912 -0.214466943300932 -0.161941115722661 -0.226126789472453 -0.230156602156513 -0.238510028560562 -0.266184502222452 -0.324460344277793 -0.323936051695182 -0.276432357326407 -0.254212387661606 -0.259110360808954 -0.251568830228407 -0.262553640884037 -0.302116742820077 -0.276655692311689 -0.344364394749964 -0.30508996672309 -0.314595210879374 -0.373154710223661 -0.291699406832622 -0.275019136895656 -0.239858007839536 -0.231903324502481 -0.221618422789825 -0.240755099393785 -0.292759733286964 -0.286176575520673 -0.222628890678071 -0.221221707952075 -0.228593277568256
-0.189868014155704 -0.169644858723394 -0.17259523742857 -0.178097251771927 -0.213029598725418 -0.208821070783476 -0.318024941053807 -0.278957520599999 -0.225536949687307 -0.232873182138839 -0.325071542035201 -0.163691639265489 -0.254444060383104 -0.226509413405882 -0.224381394261777 -0.227569309363099 -0.230918431135269 -0.238137868364701 -0.236693639030004 -0.274839094502481 -0.33173123780544 -0.330100928372813 -0.3195232962925 -0.259101606515437 -0.26555889477553 -0.261853731941064 -0.262915337342331 -0.270568854803407 -0.278116040779951 -0.339163546282586 -0.344353931012396 -0.348562458954338 -0.292269548505818 -0.190341380104705 -0.240574035916075 -0.230820791626078 -0.22607185196796 -0.218064002888639 -0.246158147092659 -0.234985546895047 -0.289637684173372 -0.282133200201526 -0.252288005390833 -0.227438360918503
-0.171694566895936 -0.16969802446566 -0.180826213214523 -0.188171199959571 -0.178971339433428 -0.214081012191332 -0.326672488484369 -0.277628697033934 -0.237425577961458 -0.241580940161133 -0.305669036719911 -0.315971767010183 -0.258723582644928 -0.229610535044339 -0.23641340062916 -0.233833472675795 -0.230801635913169 -0.238428570503112 -0.24362941897049 -0.27890424435119 -0.337834194447287 -0.338975548461954 -0.289072350841746 -0.269501594006142 -0.265592842486711 -0.300700805800565 -0.274564719776285 -0.276857891543185 -0.282881099571634 -0.277892914073319 -0.289037221955747 -0.340836557719911 -0.281771983824098 -0.224098473520715 -0.220077735120755 -0.215975538663345 -0.203440167188487 -0.202740258245513 -0.193279425537979 -0.220893368617554 -0.218224937757273 -0.269166256805134 -0.241869598735103 -0.208700427381537
-0.225513880875623 -0.238644539252974 -0.187732901973765 -0.170476244380197 -0.17844139145482 -0.271515276654518 -0.338500586176206 -0.233943541833623 -0.237886241064235 -0.268707637266799 -0.309627855084088 -0.317043836149018 -0.284676096881387 -0.246894846177315 -0.24450099832188 -0.249292639984696 -0.248103775623761 -0.253967486425412 -0.276531323970891 -0.28503378386417 -0.339267960044416 -0.346070825629238 -0.287369657635769 -0.270075953433499 -0.273866520277362 -0.272597907303028 -0.275229291554609 -0.281321784458889 -0.254193377909172 -0.307738108884012 -0.337673516045672 -0.281284737850188 -0.304140986978129 -0.221865832336129 -0.219393945311347 -0.13790325656729 -0.206831990965355 -0.199114844024446 -0.188661690791475 -0.221148733591316 -0.214769484500571 -0.210020544842453 -0.27696880775544 -0.21339310239987
-0.276542313376931 -0.237359807145075 -0.244901337725622 -0.201084977613697 -0.186236577565077 -0.273774500710237 -0.287222444097133 -0.236867337667666 -0.215295820647624 -0.250988607126402 -0.259661027984047 -0.353596028797568 -0.292896608929772 -0.246230274398991 -0.253660665153436 -0.254881767781501 -0.251638977493862 -0.281298092206624 -0.285123996215137 -0.347047027021109 -0.319457957368615 -0.288477063939254 -0.29417252322059 -0.277569973667777 -0.304491372644427 -0.28372438660784 -0.310504116935308 -0.286219757606236 -0.287867575625897 -0.281841268699929 -0.34034760230195 -0.285996630899605 -0.282266594638056 -0.228005835586677 -0.212536204540208 -0.205102714888244 -0.208471054691499 -0.221164852724881 -0.216282998711099 -0.219738451967801 -0.266388395562802 -0.34588142301994 -0.272847393266945 -0.278895746524691
-0.281151293829918 -0.230886399751417 -0.243033491896849 -0.258120499009889 -0.260246808709943 -0.272835345927067 -0.291165143327745 -0.237833075321969 -0.225226390742035 -0.234199977475659 -0.264675796353494 -0.332182299560273 -0.293782597970677 -0.260936367022653 -0.257497032899516 -0.259949701893214 -0.285480037277433 -0.288632615214105 -0.34343378598166 -0.293555461788535 -0.296883656085569 -0.273290451405954 -0.272404462365049 -0.306989842540343 -0.285825822880812 -0.282881099571634 -0.292545840954715 -0.284570230142524 -0.283152583678961 -0.346663221912861 -0.288289802666505 -0.281857387833494 -0.255864679902447 -0.217567092043221 -0.243171520644842 -0.23678351726058 -0.234109431004301 -0.223495071100482 -0.272873976138078 -0.217318021241233 -0.261134381353158 -0.285459733242877 -0.358725325210826 -0.360652263980077
-0.155042589274154 -0.222479807605102 -0.294194838753822 -0.194131369095595 -0.210343611089736 -0.338739832016402 -0.290890560322899 -0.250767189863822 -0.227397111890838 -0.263311315632197 -0.27552769265346 -0.334273272095677 -0.291297100122439 -0.28272476476592 -0.296158026661086 -0.297441049324934 -0.292309485733387 -0.349813035072405 -0.296523669071326 -0.297425777245796 -0.269677210366505 -0.279366825176668 -0.28158024833017 -0.287009878900177 -0.287895867941081 -0.29896042721011 -0.293527697742584 -0.297718397106909 -0.286427612233729 -0.296297651745826 -0.347937490283192 -0.290343728593209 -0.253525707233329 -0.224254871849993 -0.242407982222034 -0.294455318119912 -0.286305800391409 -0.275576354709541 -0.381248170195657 -0.34678524063846 -0.192880458857137 -0.196919025834713 -0.189783603161209 -0.0950357959461937
-0.0790633561311156 -0.104720311699226 -0.128665819767841 -0.30082208797828 -0.209590536404496 -0.27956017234254 -0.355864645922581 -0.311151833032184 -0.240100734886011 -0.276006184333853 -0.338497919171184 -0.346542814859206 -0.313227166514888 -0.267943141283021 -0.211446322158954 -0.349169390769216 -0.358504673961134 -0.35415276792596 -0.30485926689776 -0.278608095095431 -0.282859325042071 -0.299604662100707 -0.28251940311334 -0.210944012384556 -0.214929413619867 -0.300250814714006 -0.216707047097673 -0.306671056365398 -0.279285895388452 -0.300770298955047 -0.361330558483771 -0.294089883988322 -0.29161799696354 -0.259788161101974 -0.246012468967966 -0.379298227533658 -0.372389030464305 -0.303323212144781 -0.19916976739913 -0.325190287833172 -0.229382632849308 -0.164681420810422 -0.0441640805593578 -0.0534490251043147
-0.0368782630127885 -0.0597510631667925 -0.117689763405728 -0.239285627057684 -0.316042009446985 -0.276450296410567 -0.297783638258687 -0.261938080617382 -0.32831934894306 -0.333015122858912 -0.343432938927233 -0.352858434470117 -0.303263767565938 -0.296946438510976 -0.299372524633541 -0.360374229233958 -0.358504673961134 -0.307641394082621 -0.218382949153867 -0.19084704524364 -0.293463221208323 -0.304805510568085 -0.309490820746369 -0.302919245574287 -0.300924140785847 -0.308825658380636 -0.314085327986277 -0.319461792814018 -0.28850748225579 -0.316607281855806 -0.365794451399475 -0.305356642488847 -0.292174527813281 -0.315307069390119 -0.389202214756936 -0.238375070640455 -0.231873370931614 -0.226585729001371 -0.249083428756905 -0.313929184728645 -0.128352354868503 -0.0576615625217671 -0.0844599672758903 -0.0126555226422629
-0.0223296393866797 -0.0487292059024618 -0.106721071883664 -0.177759629874656 -0.314837025952485 -0.220708261415791 -0.357652743137955 -0.319425510822834 -0.389712431770423 -0.401795894436021 -0.406084170991362 -0.365287474460444 -0.304654831158368 -0.283001856080877 -0.276080485829905 -0.357158021817453 -0.311302145468339 -0.313701648719771 -0.309943320143038 -0.376962577375907 -0.321661987452823 -0.32580517647088 -0.338450026516157 -0.255282636849847 -0.343961914009674 -0.347210359693309 -0.357245551828201 -0.362116942104416 -0.338736400393864 -0.339214892074257 -0.387665106066251 -0.324101302090085 -0.365030912976667 -0.409921051671478 -0.254470517412497 -0.244504610153436 -0.196825938200074 -0.218585244762098 -0.242342483207867 -0.30728410692657 -0.150838153244633 -0.0333764525150027 -0.0711805953998915 0.0299421961687281
-0.0492045986853356 -0.085935506591768 -0.106223362172186 -0.167152634810885 -0.298518452473812 -0.274173243777232 -0.307792247522446 -0.329593617313391 -0.345726110694133 -0.411035309880975 -0.368280555170318 -0.315426978844935 -0.369078041304306 -0.421788239536457 -0.301592992636508 -0.305330393738105 -0.308892178479339 -0.392574515847334 -0.374251444510928 -0.372754049433965 -0.37683531841624 -0.386516178932886 -0.38709929265376 -0.319911145124801 -0.411574748700984 -0.443907949670025 -0.437181095025306 -0.447136538546799 -0.430045033576026 -0.482305032442967 -0.361165295354433 -0.39914452753584 -0.459680232422676 -0.27247822146206 -0.250845103191429 -0.21188465299793 -0.196161366421751 -0.215741197541454 -0.181275759674147 -0.298296110503432 -0.191069564632293 -0.106566033542848 0.0214544012265926 0.013932584093193
-0.137545663360482 -0.139035693597396 -0.226770160578055 -0.201119882885849 -0.278620585666872 -0.259529391179935 -0.367484346587882 -0.401776676404937 -0.424871532597298 -0.481853888251223 -0.386055259363091 -0.373284859802197 -0.373063442539617 -0.346732522123889 -0.222080747148285 -0.421536820514642 -0.368672780451691 -0.313648482977505 -0.323196429138486 -0.321805365546056 -0.328624350264442 -0.33337019102504 -0.344477452298767 -0.408041256274934 -0.421388523573295 -0.438688953839836 -0.45473859970966 -0.481321147425853 -0.419844578311795 -0.424662802845744 -0.455972083797994 -0.507445699044291 -0.332026303658487 -0.280954098484207 -0.25682251031766 -0.230458280966528 -0.212760817077043 -0.194539060604948 -0.172709990291616 -0.148658150738468 -0.261150979172216 -0.0683932445215469 0.0358691529360662 0.0172087796929711
-0.232782953057303 -0.282510534317147 -0.13261688958784 -0.234625397189761 -0.241504065436035 -0.235451607531431 -0.342205638504129 -0.391946671892517 -0.39656269719497 -0.499383100620394 -0.465462292223424 -0.376277940512071 -0.378679153207554 -0.314865639653623 -0.401675361540626 -0.424053118988173 -0.372766222615584 -0.319290776516575 -0.348497982420077 -0.350737988444711 -0.357886431354261 -0.360046688765496 -0.404739644849032 -0.39734571011588 -0.41412184779981 -0.4290196759174 -0.45557564076246 -0.49616266271529 -0.617216885287885 -0.71321082864833 -0.62645896773786 -0.508793470044615 -0.386966315979919 -0.273889621942217 -0.244504019566027 -0.273562830756075 -0.251221049248954 -0.228427358932572 -0.209517866699122 -0.18981654372768 -0.141961184745681 -0.169434416737045 -0.0221605101415444 -0.129071096933043
