sesion_7_reto_final/reto_final/Futuro2040/modelo_enebrales2040.asc
NCOLS 708 
NROWS 329 
XLLCORNER -7.525 
YLLCORNER 35.991667 
CELLSIZE 0.008333 
NODATA_value -9999 
[rows 209 to 227 of 329, columns 308 to 351 of 708]
0.0373080492381086 -0.0168834249374392 0.0198282649379086 0.0321082714390051 0.0751830912715326 0.0662384368342565 0.0594561787339885 -0.0484850057602204 -0.0133529196969769 -0.0106534176145748 0.0655645812877947 0.0621569583679435 0.0818697038433119 0.0312386237501411 -0.124833780282466 -0.077817331887601 -0.0981139417615356 -0.10629740720122 -0.0536929016778245 -0.111754691310634 -0.135932080379398 -0.0762176643853571 -0.0590673382763204 -0.151202068692849 -0.25504874035489 -0.204531037801106 -0.0705289793566602 -0.0706986685188108 0.0304427492880962 -0.018500366073805 -0.09834633569572 -0.0876522271785017 -0.199772576631194 -0.116097604103247 -0.114299043150305 -0.173824280148896 -0.117690866927173 -0.230867166385136 -0.174733753163413 -0.128691796716369 -0.183546453216772 -0.194346893218522 -0.141351328253375 -0.0641780554342697
0.0384511126968257 -0.0142873778505086 0.045645356508593 0.11937022212585 0.128469678365674 -0.0483897767890328 -0.0718319197501731 -0.060827252287682 -0.101818464424853 -0.188210225213777 -0.0784358932796685 -0.0132086792141205 0.0626122860653055 -0.0460144458707303 -0.115442232450763 -0.136022499613643 -0.150858087704867 -0.0292496838977311 -0.180828513245983 -0.200522791367958 -0.325399929558089 -0.16138127769675 -0.254127414149336 -0.25527923190157 -0.174402505692049 -0.257898762962114 -0.24661812183592 0.00952645796006411 -0.0242450451454608 -0.0157377769106108 -0.00959777366006257 -0.117296932201749 -0.165906643420541 -0.19888829703434 -0.195523056128605 -0.249551934179836 -0.232225991710436 -0.256941332373633 -0.176179691942161 -0.195738275596147 -0.172269230978679 -0.168936228340074 -0.0819016703023892 -0.0502796890683173
0.0545530772544882 0.0183891639353647 -0.0118757014174579 -0.00621418984730286 0.018901283336357 -0.0474180649535379 -0.0574637208259975 -0.0442190473388722 -0.158430369326969 -0.143562751247264 -0.163980741071022 -0.200644920600101 -0.0073271410402417 -0.0829605238509487 -0.223984678028656 -0.0527550244462071 -0.0692209219700589 -0.0836419678513062 -0.301895866561166 -0.181792222671041 -0.191510129796388 -0.284716929351752 -0.173755762491342 -0.171850870053868 -0.307537841315043 -0.333661754157704 -0.0802002867137302 -0.118885083234108 -0.107321104809551 -0.0183725800502929 -0.11545737868816 -0.141193012201395 -0.259428491477554 -0.198971464535841 -0.16640296367855 -0.225279748032382 -0.161111902860206 -0.101895196577643 -0.108698062162464 -0.208607689989891 -0.133469443851599 0.0188521093616439 0.0467493897395827 0.0619552215093552
0.0615279332383082 0.0588696461250126 0.051815361518376 -0.00950843643315627 -0.0486052198704217 0.00283070999139775 -0.0628240665201732 -0.176202565209631 -0.133261730401043 0.0131136939813525 -0.0273280321555437 -0.14793472236795 -0.210187211365085 -0.0847925066566151 -0.17671457410408 -0.109213087517522 -0.125441448645228 -0.144370478900346 -0.0664788297848743 -0.197973073452478 -0.0743891028785688 -0.180920324534457 -0.232735779432186 -0.247803887299335 -0.0610769491310098 -0.00164048684154998 -0.0795388620212931 -0.118096671384219 -0.134571961977364 -0.121678839996158 -0.147962250065617 -0.208995345878738 -0.212202799001726 -0.205511600306852 -0.165172786766386 -0.147663639482728 -0.0877984805554064 -0.0796633725164178 -0.135784612556521 -0.177198370519495 -0.0275535729783277 -0.043724598797974 0.0797383118166954 0.0815281184761203
0.0713298055258276 0.0649330478480489 0.0604321083236447 0.0523162183157409 -0.0371888372932581 0.00920574132798126 -0.0828404861816314 -0.0489889626604928 0.0128167458595345 0.0865789768706865 -0.0183439816843514 -0.106695510097065 -0.115048936501115 -0.0764656631236985 -0.056921489159227 -0.0794123041555784 -0.100910798626493 -0.129424821651293 -0.231193652915892 -0.273192985926871 -0.256776516471989 -0.227936981207972 -0.134842487318332 -0.0161183714094068 0.0483845873499301 0.056827906114364 0.0411879941129473 -0.126544574876376 0.00339655147352207 0.0258602565348956 -0.0347384390559987 -0.159824614253829 -0.231063183156789 -0.232073012269259 -0.189315477446277 -0.142780347827109 -0.072486909093899 -0.116010857623361 -0.134150405360315 -0.13314591165326 -0.107040945039469 0.0492311017261566 0.0740292899002718 -0.0102661629478322
0.0335604562011589 0.031790187563401 0.0414832212616662 0.0332344168980975 0.0140980590793314 -0.0972530965545559 -0.0462673660579458 -0.0717267071222831 0.0137559006427048 0.0112871125154417 -0.0614870157244355 -0.0798433959962467 -0.0502165195506149 -0.0607672499746007 -0.0515079777227855 -0.0562625727769006 -0.000741316268928573 -0.180089848250257 -0.27887371552811 -0.444627620248513 -0.333203010173 -0.211012768991155 -0.0453854691194464 0.00142077763348617 0.0851041856697559 0.0676286661066966 0.0788820843805932 -0.00133007005060339 0.0434494724225351 0.0666561084221628 0.0199999658267346 -0.135908245554824 -0.226078096555995 -0.274463243426319 -0.199002855748544 -0.0821598777066525 -0.0971538923564003 -0.143059515559679 -0.0861020333328349 -0.0752453286912994 -0.109417284307869 -0.030680206819643 0.0864656947306466 0.074734854239243
-0.160951843115632 0.0359647677941613 0.054293494526565 -0.0308257073360784 -0.0309838151094076 0.00401077187044812 -0.0543714016694252 -0.0802368506408051 -0.0803253535477209 -0.0313774298442492 -0.000623880875680395 -0.0668029499698621 -0.0162320816738116 0.0526112487148574 -0.0597039351292824 -0.009471279317912 -0.0153437444130797 0.0260199467051472 -0.337556414772815 -0.631184918838427 -0.509916323852718 -0.15143297679683 -0.0664980324807622 0.0102317682427935 0.15597270504301 0.09990753549385 0.049993874136075 0.0581999764949456 0.0716954302281098 0.0714225566673143 0.00174191342363062 -0.0299023859444337 -0.109695733428512 -0.269990596217098 -0.207982688465575 -0.107532105317543 -0.123821315812757 -0.056285130837326 -0.0879820523432265 -0.13210865261523 -0.115968203807031 0.0363402162528468 0.0599054486078606 -0.0218971897403253
-0.153295226757037 -0.159743760723613 -0.0304804500019323 -0.0255615493794491 -0.021714717895801 0.0385390403515293 0.0477091709206522 -0.0169354564878664 0.0431406559644678 -0.0219855620219634 -0.0443234457655057 -0.0592348365181825 -0.0593943337449803 -0.0662342459385023 -0.0242503944907005 -0.138110483758071 -0.105722407602714 -0.0212610514541225 -0.0684480995891295 -0.249061508266868 -0.305401179779336 -0.186748378180875 -0.027222549120811 0.00275717431825061 0.0427373915033307 0.0503734003773728 0.0598328424260506 0.0560685384627387 -0.0956802518498781 0.00160642602890292 -0.0119535030331339 -0.173602654607665 -0.193859981365003 -0.261439188335714 -0.242246565877163 -0.160291523340013 -0.0710596612823916 -0.0668231610158484 -0.090326153344497 -0.0813669763003869 -0.0597968969221808 -0.0609914166791129 -0.0395972254634847 -0.0397140206855843
-0.124423134440696 0.0385604948905096 0.0442576636158968 0.13450277367409 0.142132807161552 0.0542832544028447 0.0306224742914492 0.0321481616835954 0.0438583934850577 0.0398446999345636 0.0118260865897816 0.00559587098826674 -0.0612831070488887 -0.0706022711072417 -0.0747680970444852 -0.0366044942091985 -0.0578055604774301 -0.054839062638689 -0.145083310307258 -0.0745346185022017 -0.0913135362984574 -0.125169965743289 -0.124507102203628 0.0432594157022643 0.0847257171723121 0.0834912743176189 -0.0157495169943433 -0.104778861035274 -0.11958562974747 -0.181501615703976 -0.221415103306315 -0.23103746267528 -0.197433939287855 -0.248761828221092 -0.122346829457196 -0.09516669480705 -0.0699361358453414 -0.0663568425170738 -0.0666031332067364 -0.0580248706520045 -0.0385723466803358 -0.0399990674279986 -0.0518645317191178 -0.0634904301794583
0.0821669721456961 0.0926427622978534 0.187192588035534 0.189374092912488 0.193832330432194 0.101934816421229 0.0803678841289096 0.0870927105443828 0.0172986909667014 0.0698420271320058 0.0597666894908938 0.0239658620835326 0.00732658470721352 -0.00565333073685672 -0.212108813523533 -0.0495626833120736 -0.059618802922101 -0.206963910910746 -0.105286250953457 -0.0675980409010442 -0.056667514844322 -0.0101298769150443 -0.114726316086155 -0.0982519830539809 -0.00867785084780144 0.0290469269378349 -0.076130709626821 -0.104392562952114 -0.161922695162264 -0.232549538038584 -0.181574591270124 -0.187005611293599 -0.21023231117335 -0.248996856307127 -0.123246429321555 -0.0672193475843648 -0.0665106843478741 -0.067795416455773 -0.057967758957792 -0.0501250625012661 -0.0429098430259957 -0.0489879262407612 -0.0588509209033918 -0.0629975288095507
0.10059915507896 0.197106719005798 0.216889292961427 0.214729035550191 0.202754460867603 0.190181722793462 0.0873672935492293 0.0414837636607077 -0.0110952296598289 -0.0167389126523679 0.0267941101611937 0.0441819726663761 0.00243597639991419 -0.0164110687339088 -0.195872768770585 -0.204396156139 -0.207336071106608 -0.10824538395215 0.0246699238617312 -0.0104666517578884 -0.0477781650750845 -0.0314784896369142 -0.0475122232564511 -0.156667896026385 -0.100657365315258 -0.220410464844174 -0.0797917810031206 -0.171985332557912 -0.172033689958608 -0.185164348335959 -0.124911230069793 -0.123979120136089 -0.228295209194424 -0.21562521391985 -0.0922567815986766 -0.0600796589683319 -0.0650503358796124 -0.0670188577969198 -0.0167683734079332 -0.00679936725135301 0.00176986920764719 -0.00987075893278979 -0.0970913970684054 -0.0654267138296352
0.1662216933234 0.184576157077898 0.220832312182621 0.217066618765841 0.0894126887962634 0.0621381240409894 0.0269648218032513 0.0392703405072063 -0.0829358103241657 -0.115132150985595 -0.0398476514703984 -0.0526519505541058 -0.0128597477302427 -0.0798009657937633 -0.126914352603867 -0.21478173394019 -0.103275027031452 -0.0454830120619185 -0.0526257995754709 -0.0719674555232522 -0.135856499936421 -0.11391740744824 -0.0958299547852781 -0.0972597744304604 -0.116737173034599 -0.255007379425309 -0.180531356845514 -0.159644476689307 -0.105493995074407 -0.100654843065323 -0.0960034805982199 -0.13855261718928 -0.183449800733557 -0.172763057056387 -0.109240245640867 -0.0549172465631233 -0.0655127084264405 -0.0689254596784443 -0.0134580076885147 -0.0181362730173327 -0.0096436862742118 -0.0125143163659888 -0.0661667682788291 -0.0671664536443137
0.116523793832208 0.17436022025049 0.18994835596311 0.176713075545278 0.0727202456776785 -0.0165381992510755 -0.0142478075965006 -0.0225141205471031 0.0526091722972449 0.0350734421424537 -0.0650739456949663 -0.130324323743545 -0.146192697857009 -0.128236131320466 -0.0993549647200261 -0.0548457405145935 -0.0536093658073902 -0.0567262865888298 -0.0256656445460693 -0.0739503871300738 -0.0956533808639446 -0.0792890064830543 -0.0889554573101866 -0.0847882419194745 -0.075817115307593 -0.106799127593597 -0.242627176916544 -0.291716178681788 -0.229219315512304 -0.177765557072868 -0.180722229949818 -0.162575093758969 -0.122684243075816 -0.145806320915087 -0.0833572880824535 0.0172361295543818 0.0282596962627635 -0.0475194140663915 -0.0124569328695615 0.0675926254373179 0.0677626345900509 -0.00362186769923179 -0.0692678899172858 -0.0787674786775721
0.112937135663892 0.115198069163662 0.178058018244908 0.110009713868485 -0.00275033393544874 0.141315575932634 0.126579481549738 0.1076809801177 0.0866971615462548 0.0837894848457771 -0.0459494422726248 -0.0314217461216515 -0.151475004381836 -0.206880216345401 -0.098378763328155 -0.0466204201246382 -0.0161960575450178 -0.0249583707630473 -0.0316342973787834 -0.0441125571594293 -0.0606543055331009 -0.0538143933395788 0.0288343109517506 0.0233413708924925 0.0207770350088476 -0.0213527040476854 -0.150378958454086 -0.257457317890421 -0.193983135677813 -0.215774999292161 -0.166031617683945 -0.187807362164728 -0.153000564726854 -0.137825054706899 -0.0899257161686486 -0.048745325036027 -0.0342481565027451 0.0437296472998146 0.0823343752162115 0.069451716972574 0.0818146191729563 0.0807691329052541 0.0215555255202108 0.00986909647755619
0.123446873527231 0.173105169911244 0.116645717386461 0.00222344187335122 0.0991826909956021 0.141281628221453 0.144040047818853 0.130882806570369 0.110200153874903 -0.0544284181922909 -0.0413288804308164 -0.0452907976925131 -0.098430810213779 -0.147552960824145 -0.140601860616153 -0.0274634066329515 0.0195386320723992 -0.0640565918421488 -0.0366505033900667 -0.0369163321013963 -0.0520582144007529 0.0393621973832875 0.045735791078035 0.0519233046748517 0.0381062999896141 -0.0928353105918278 -0.14508698705775 -0.260584591902885 -0.372801879770816 -0.254539976318436 -0.190463301058197 -0.160627499316797 -0.145630704554724 -0.192992730274317 -0.067892465377555 -0.0459649072952167 0.0524979359044238 -0.041790007073874 0.0789569611288576 0.0590203382691657 0.0961782815577763 0.0947001045118985 0.0377887431778547 0.0335539523553624
0.127144671521649 0.11502416224735 0.0792960386039218 0.153766932851565 0.131347959229522 0.129914193632394 0.107381523685771 0.053151612242666 0.0595869023593488 0.0541982643499893 -0.000316692630142005 0.0279572375000343 -0.0507428403624708 0.118688412357319 -0.113323349908933 -0.155626675891196 -0.116688750904951 -0.0559820143854744 -0.0617289299650258 -0.0674996001150173 -0.0411540463959281 0.087790541674372 0.0997875308676875 0.0893889328304511 0.0784069010817583 0.0145920450573381 -0.122049242559601 -0.235238675360913 -0.417156623369672 -0.382828795092296 -0.262384269111709 -0.14782800857466 -0.186056950333831 -0.177262078858089 -0.127917121531674 -0.0985591726948915 -0.0514895585577605 0.0338881071761643 0.068151712785537 -0.0103724781197784 0.0203163237177029 0.108228116502775 0.0187870103641925 -0.0352540408686567
0.120575396381027 0.0828665776386726 0.117877602537288 0.100386283831245 0.108481565149208 0.125658474129378 0.10416253615694 -0.0113069350679219 0.00322951537656824 -0.000744575066747264 0.0244642105707869 0.0532330715055038 0.130052540975596 0.177358093966738 0.0757414902602357 -0.131085243349699 -0.219765909962994 -0.14222506167575 -0.0174757095091314 -0.0328698566793421 0.0367415016885105 0.0853749204947629 0.0997668270063993 0.094682773761121 0.0809407093477119 0.0396777413009986 -0.000437626747641952 -0.179838477416809 -0.156476036086089 -0.131692049322837 -0.1490321932031 -0.204177822438742 -0.280908260732686 -0.176398726736371 -0.128267507197973 -0.102397249885023 -0.119711290975018 -0.0659716774203636 -0.0222690618213862 -0.00849528620469144 0.0200389136175518 0.0289050500100026 0.108824792858737 -0.0368769854612356
0.101798179727465 0.10182763788227 -0.00473465620112712 0.128843513947027 0.139145173569025 0.123499926162193 0.0723075068777108 0.0397379353521456 -0.0149939505395781 0.0777052191711695 0.114060022135182 0.125064690803061 0.135200239035905 0.110527695548753 -0.00221634622891942 -0.130470099640345 -0.170169853605346 -0.211746207692636 -0.0521974229281915 -0.000604551132664018 0.0150972809045355 -0.00366413660604377 0.0158059441410261 0.0235793557217211 0.0278854608546777 0.0562717448389448 0.0387922793239389 -0.185090142011254 -0.133515642397772 -0.0460741775869849 -0.034250888236719 -0.0355726669533185 -0.175862052693491 -0.252435502070748 -0.0519469144843675 -0.047308524064943 -0.121141110620201 -0.13179080768867 -0.0864501978264349 -0.0259575137294903 0.00575301859986498 0.00122688565779645 0.00300201082549224 -0.00402680856126502
0.164480899381032 0.0869193460271124 0.0482535439239716 0.103811208264868 0.11352633527789 0.125326779430319 -0.0215460358783606 -0.0999239734067714 -0.0074419562214637 0.0914342633485328 0.162785362736452 0.179187423707208 0.171672475997794 0.129797830112808 0.089368803015987 0.0253672281178596 -0.0916841951389345 -0.147287660382048 -0.0237789488651614 0.0092371960642488 -0.000725931082486605 -0.0883987980179447 -0.0761586182378742 -0.0640202803859594 -0.0618390954995884 -0.0700819726649449 -0.0639170959873145 -0.109304624403021 -0.0324597391068047 0.00103937051879001 0.0116808403575872 -0.00830692001512555 -0.164406705784925 -0.0804505842781432 -0.0377826230303506 -0.0334510056945355 -0.045011933409941 -0.109302181011847 -0.0678766180462046 -0.118414657487716 -0.0398769039473132 0.00114713704439758 -0.00148253776313187 0.0127040706194892
