sesion_7_reto_final/reto_final/Futuro2040/modelo_enebrales2040.asc
NCOLS 708 
NROWS 329 
XLLCORNER -7.525 
YLLCORNER 35.991667 
CELLSIZE 0.008333 
NODATA_value -9999 
[rows 38 to 56 of 329, columns 572 to 615 of 708]
0.0343796638928054 0.047584415487558 -0.00557288200689424 0.0589439593781122 0.0645361860724362 0.0457598152679129 -0.0242825244340643 -0.0727533471159996 -0.079983248082999 -0.138134930076193 -0.139251410663777 -0.018670984537309 -0.0135394209457622 -0.0810959897918992 -0.0302261909223767 0.0186315204301284 -0.0467507025112292 0.00227526036159043 -0.0196106663843241 -0.0187057793029173 -0.0048262158061204 -0.0655651905927276 -9999 -9999 -9999 -9999 -9999 -9999 -9999 -9999 -9999 -9999 -9999 -9999 -9999 -9999 -9999 -9999 -9999 -9999 -9999 -9999 -9999 -9999
0.0454459326058851 -0.0243314242338015 0.0508337247662057 0.0857264686125177 -0.00759883560899633 -0.0202513222965365 -0.0364488346105809 -0.0472408403093964 -0.0869843669473697 -0.0903688258841897 -0.150567388954621 -0.0124351135397967 -0.0998562414628573 -0.0847200145594981 -0.0255827368997519 -0.0823597944246624 -0.0928223419323147 0.0176428246606683 -0.0785958116573208 -0.105235262789076 -0.104462650082169 -0.109086040224671 -9999 -9999 -9999 -9999 -9999 -9999 -9999 -9999 -9999 -9999 -9999 -9999 -9999 -9999 -9999 -9999 -9999 -9999 -9999 -9999 -9999 -9999
-0.0384948686333913 0.0433170676127411 0.0528092915329792 0.0840693045065426 0.107237183248031 0.0225786444881643 -0.0179281487704015 0.0256045540525777 -0.044589918036149 -0.0835023308195348 -0.146624689724009 -0.0678211074722766 -0.101910167389561 -0.158120230327162 -0.147167657938663 -0.0650149539147603 -0.0170149392879758 -0.103198845449406 -0.111855195361854 -0.102681917706844 -0.160733243602085 -0.15295385663481 -0.14561452528576 -0.0966238995775899 -9999 -9999 -0.109843380852439 -0.0215136269692876 -9999 -9999 -9999 -9999 -9999 -9999 -9999 -9999 -9999 -9999 -9999 -9999 -9999 -9999 -9999 -9999
-0.0546707027946078 0.0421813689940724 -0.0171105975509011 0.0269271798236042 0.0935790852021818 0.113269417372211 0.0519991051535271 0.0487328308922752 0.0484254660158687 -0.0750748111980837 -0.0669617013025051 -0.067014867044771 -0.0689785806205081 -0.0907788797431789 -0.0897226097473266 -0.135708301554586 -0.147942507153465 -0.148144706384961 -0.0616876066721528 -0.146397601730234 -0.161097767155683 -0.172190346937681 -0.127102593739097 -0.0694539568627967 -9999 -9999 -0.021557494813607 -0.0196200441184206 -9999 -9999 -9999 -9999 -9999 -9999 -9999 -9999 -9999 -9999 -9999 -9999 -9999 -9999 -9999 -9999
-0.0647107032710701 -0.0451351368885072 0.0190383624742784 0.0349364183563941 0.0426748127630214 0.061560613949596 0.0664868794121274 0.0443987534347169 -0.00194010415116656 -0.0724700098176363 -0.142990521209425 -0.146185801150794 -0.142950055712622 -0.121743110434546 -0.0727965761845425 -0.0704457503243882 -0.087217942056372 -0.0892396297159454 -0.0851784258191828 -0.0860347330914347 -0.15287105731226 -0.13621112426302 -0.129250997959296 -0.107276248315884 -0.0428230364107111 -0.0453995454759746 -0.0446006698885174 -0.0429437775847572 -0.0341175148963118 -0.0881848290097117 -9999 -9999 -9999 -9999 -9999 -9999 -9999 -9999 -9999 -9999 -9999 -9999 -9999 -9999
-0.146470591426191 -0.0736772451552287 -0.0603308249112943 -0.014957704979714 0.0679986841786042 0.0755950899454676 0.0558267186060904 -0.0508408374989521 0.0156352279054151 -0.165660690239435 -0.110884392898962 -0.0787822105404457 -0.118455908698158 0.00147489894392971 -0.0447924207176422 -0.0174883978075632 0.0122224919886081 0.00950538373704923 -0.0262360789276191 0.00110360113769212 -0.0151742997709155 -0.0684574679769547 -0.071124189393185 -0.0442036362655739 -0.0246886004653252 0.0483677474216617 0.0382864343939697 -0.0191124929045664 -0.0235175646820066 -0.0421075353980169 -9999 -9999 -9999 -9999 -9999 -9999 -9999 -9999 -9999 -9999 -9999 -9999 -9999 -9999
-0.178977172247698 -0.132211871072434 -0.0695838029913357 -0.0369986393960501 0.0215865969703311 -0.0146822583798556 -0.0439047375678837 -0.0706287468599963 -0.134415677542794 -0.0781759328365403 -0.076038839408336 -0.118733910591106 -0.098607788745382 0.0236448029693722 0.0264108110206682 0.0453537226960671 0.0269627547319102 0.0282845334485097 0.056330641447804 0.0304315647558251 0.00769605559654215 -0.0765982314119407 -0.014659928526831 -0.00469935667318535 0.017498839667441 0.0357907434049913 0.0436495589950825 0.0309869285605569 -0.00130721290573479 -0.131803800642487 -9999 -9999 -9999 -9999 -9999 -9999 -9999 -9999 -9999 -9999 -9999 -9999 -9999 -9999
-0.125375105964799 -0.117132228799442 -0.12074376039484 -0.0412798711019247 0.0216069808410369 0.0492757991069291 -0.107996253014763 -0.0746987050502757 -0.0728806060756669 -0.124302973302399 -0.145119706193151 -0.107037017810884 -0.120716618584081 -0.0883856541229357 0.0333793716273262 0.0491239044638358 0.0382699787292375 0.0371922541944048 0.0539342370938914 0.0167356212352159 -0.0318877502007859 -0.0737651749927092 -0.00309114176070304 -0.00552032678078746 0.0251774529640584 0.0613954919971946 0.0763156370433883 0.0187604077923085 -0.0783108459564446 -0.156687936430428 -9999 -9999 -9999 -9999 -9999 -9999 -9999 -9999 -9999 -9999 -9999 -9999 -9999 -9999
0.00167820169687068 -0.0363465607899272 -0.110058726161721 -0.105662408677798 -0.101249652069727 -0.0571482452153879 -0.119720048656701 -0.126877245859767 -0.118104148913588 -0.124382721915798 -0.0652706376737163 -0.100363967684208 -0.0409679061625984 0.0490630550963274 0.030145655623787 0.0193140468177927 0.0112425682586379 -0.0487035063270918 0.00018591622869895 0.0126053548710816 -0.044816736410486 -0.0561844909901275 -0.059992886411606 -0.0357515478724261 0.0304001888783185 0.051332231160966 0.0416259548181958 0.0028396174088834 -0.0850269180784011 -0.101404855094379 -0.0343007209159585 0.00295202065672974 -9999 -9999 -9999 -9999 -9999 -9999 -9999 -9999 -9999 -9999 -9999 -9999
0.00182606934647953 -0.0137547497144591 -0.0299851402767983 -0.104723253894627 -0.100213560076706 -0.11600047613272 -0.123593463011482 -0.0695331937475477 -0.0714703244521518 -0.0652401088506368 -0.0583509768667954 -0.0422263753899464 -0.00937538308333128 0.0536353089311958 0.0445217629924405 0.0336440332936464 -0.0428821775395568 -0.052295819891405 -0.00763275385517213 0.00584434423653123 -0.0637601763551178 -0.0621533508961041 -0.0651128038853789 -0.0450110284028921 -0.0307386960202923 -0.0152158992315574 -0.0406522999267111 -0.0582718375641675 -0.084128755855878 -0.0378597267502551 -0.038268613564235 0.0343627283752069 -9999 -9999 -9999 -9999 -9999 -9999 -9999 -9999 -9999 -9999 -9999 -9999
0.0839371420339582 0.0502006561025009 0.0150731547669804 0.0541304314738022 -0.0164775133620155 -0.0373374918618948 -0.113032268849928 -0.118630150940249 -0.126654119153136 -0.123930813106538 -0.114250799644318 -0.0928823277048111 0.0261715651804716 -0.0270315344215865 -0.0328396205646166 -0.0525901633263777 -0.0511810487478718 -0.0552959454507451 -0.0759050319926537 -0.0161348784226726 -0.0228536177396343 -0.11986603380954 -0.113814006402062 -0.0821739883117236 -0.0462143024533409 -0.0524937378451755 -0.0677855160233857 -0.0708691290748086 -0.0174796293842377 -0.0279816824169456 -0.0118313616639756 -0.00291798552208305 -9999 -9999 -9999 -9999 -9999 -9999 -9999 -9999 -9999 -9999 -9999 -9999
0.100693214632377 0.131034681512711 0.0624547197136291 0.0315357463200502 -0.0482793756935911 -0.084901396822402 -0.10617452807879 -0.142266057624563 -0.111877032209592 -0.116357044258861 -0.113322108598716 -0.112964358092369 -0.0200508171738948 -0.0923521573177436 -0.056559765418705 -0.0681367640793084 -0.0163046476489725 -0.00518435080400305 -0.126767449481543 -0.143375862709004 -0.173215722304265 -0.234672964086083 -0.159887243555267 -0.0360565491938086 -0.0261887615248045 -0.0692837581547753 -0.0712661626977522 -0.0093662958748116 -0.00402516821172069 0.0135931858401415 0.00474034028056313 0.00736297023862664 -9999 -9999 -9999 -9999 -9999 -9999 -9999 -9999 -9999 -9999 -9999 -9999
0.128444241633411 0.131300510224041 0.069116986112155 0.00171649439932581 -0.0521177728743045 -0.0702558347810547 -0.0971211927317665 -0.1089549458196 -0.11324151293089 -0.12482726588501 -0.0735830715171186 -0.124314284094394 -0.063940951718027 0.00944827324822489 0.0098591894968379 0.00440575496263544 -0.117085534837207 -0.128233788671581 -0.139256172999757 -0.168585287122314 -0.184125800776733 -0.159851586400035 -0.0810093598074826 -0.0416343661986182 0.00358543896600638 -0.0489084703357163 -0.0637565503937535 -0.00798334659473331 -0.00708753379742589 -0.0220478243498398 -0.0108028403788776 -0.000948600009763786 -9999 -9999 -9999 -9999 -9999 -9999 -9999 -9999 -9999 -9999 -9999 -9999
0.13880184711 0.155640495417122 0.060634591304387 0.0318880485036624 0.0178329650232375 -0.0120419127614959 -0.116538107736571 -0.0484744349042742 -0.004408365214585 -0.0670757164122794 -0.0773131077786672 -0.120965162322224 -0.0473618849334398 -0.0484554086112553 -0.0180293365875838 -0.0586029076172586 -0.111575835663219 -0.153449617953193 -0.0672120036504555 -0.0802154030681392 -0.140780998002279 -0.0320920754336339 -0.0342231934752584 0.0122021375829077 -0.035498100621366 -0.0692602741811616 0.00216544428261559 0.00771219006530415 -0.0140264126354313 -0.0905927689748546 -0.0813974449880673 -0.0362454223284851 -9999 -9999 -9999 -9999 -9999 -9999 -9999 -9999 -9999 -9999 -9999 -9999
0.161473086808285 0.162466844975557 0.0980181214213722 0.0933962171090744 0.0158493934352512 -0.0995462081860571 -0.038233944640367 -0.0543664380211091 -0.0120296444085305 -0.134796592032173 -0.140897839229969 -0.139092760491406 -0.0809268758819607 -0.0455290574841226 -0.0581868795770779 -0.0268838927966013 -0.0707381465716541 -0.0686675591123437 -0.0661744246218433 -0.0582115140551157 -0.06165650357425 -0.0121311215459014 0.0260618442728435 0.0107929266276669 0.0184807117905064 -0.0429602013737079 -0.048178878418702 0.000265457768835228 -0.0715050885473665 -0.0961055670463619 -0.117947082343527 -0.113508062854906 -9999 -9999 -9999 -9999 -9999 -9999 -9999 -9999 -9999 -9999 -9999 -9999
0.154743403862873 0.147488629468792 0.149724465927632 0.113047793226352 -0.0340572230730577 -0.0673886235773794 -0.0806962877685621 -0.102694201395006 -0.122069485063386 -0.146280821843331 -0.165858304743208 -0.17115192206003 -0.0603629526718812 -0.0674228926745152 -0.0675688272662257 -0.104228517238929 -0.037469960385237 -0.0741901809402542 -0.0629169046541082 -0.0677603226057214 -0.116542551287356 -0.0623406133742408 -0.0299791200900165 0.0485308847396323 0.0665954934101453 -0.0367950047054954 -0.0500515325890451 -0.0550337427007796 -0.0774782297310685 -0.113586422014836 -0.0757449125306646 -0.160933622882987 -9999 -9999 -9999 -9999 -9999 -9999 -9999 -9999 -9999 -9999 -9999 -9999
0.102499524129498 0.10093988902617 0.0769629897448511 0.0467040985732199 -0.0390750903400245 -0.0584430091683566 -0.0171573572194775 -0.0446219480246288 -0.0752317519264035 -0.0888287288025291 -0.0490226433529965 -0.0548227246748138 -0.128077852905195 -0.0498899426320492 -0.0757746096345139 -0.0559391899272012 -0.0843500755363356 -0.0754601833680564 -0.0643733071704234 -0.0584502328314676 -0.0618683194888867 -0.0835535328335086 -0.0248419011024723 0.0406316036527385 0.0137679563514655 0.0185553320717526 -0.00537886520486819 -0.0780435148743268 -0.0411589887509414 -0.0653324318677588 -0.0841973055791977 -0.110027640999775 -0.170537833683754 -0.144022222623564 -0.141588772866339 -0.17945847828896 -9999 -9999 -9999 -9999 -9999 -9999 -9999 -9999
0.118002782896565 0.0446984348758651 -0.0140943361274271 0.0390457727705737 -0.0562432450266774 -0.0374650696067564 -0.0297668219117373 -0.0233960083293152 -0.0418657649351241 0.00573017121925091 -0.00271741348771186 -0.00329881776453508 -0.0333510213536823 -0.0837075184420065 -0.0661700788431645 -0.107702548545551 -0.0900073211639617 -0.0820080039696982 -0.0575068121057685 -0.00862529678906769 -0.0461433234686559 -0.018332836553582 -0.0149571319102789 0.0251379462336143 0.0314937113507458 0.0202595111079338 -0.0129008577637479 -0.0311735434702137 -0.0557796773652066 -0.0419518901572071 -0.0685807811746595 -0.105611785494185 -0.11485291038319 -0.110457885976001 -0.118417697645208 -0.167465658661438 -9999 -9999 -9999 -9999 -9999 -9999 -9999 -9999
0.179184912198916 0.0447764740452131 0.0201969230213532 0.0481627375974308 -0.0287901886273682 -0.090682051834484 -0.0424455714798282 -0.0351016554030545 -0.0484220198397005 0.00654548593085559 0.0130449491318018 0.00726130693413207 -0.048429272967817 -0.0687248133788654 -0.117003036971861 -0.107526932185188 -0.0434906119152077 -0.086992243516066 -0.0199339102398634 0.00779705167565894 0.0439700392788817 0.0427695441353697 0.0329684695085217 0.0303297204168931 0.0214432471367157 0.0217303233137632 0.0240517873958473 -0.012348816470383 -0.0400469977197335 -0.0628384515282193 -0.0745864806160745 -0.0362939081716814 -0.0548414968735758 -0.0617874205610473 -0.11914952486473 -0.15780935278668 -0.207020549908391 -0.232549719452989 -9999 -9999 -9999 -9999 -9999 -9999
