sesion_7_reto_final/reto_final/Futuro2050/modelo_enebrales2050.asc
NCOLS 708 
NROWS 329 
XLLCORNER -7.525 
YLLCORNER 35.991667 
CELLSIZE 0.008333 
NODATA_value -9999 
[rows 38 to 56 of 329, columns 301 to 343 of 708]
-0.015333239682008 -0.00406539296624729 -0.0554240068490306 -0.0505497419879652 0.0127595633088277 0.00480956779399316 0.00481014198283669 -0.122300898091459 0.00963648666137999 0.0134657353420631 0.00901291758694009 0.0357674527094622 0.0347160146125756 0.00303550929937037 -0.102666924557307 -0.133825208874743 -0.00980450811732486 -0.0232076283433948 -0.00500034239608085 -0.0148540053439779 -0.0150108438993618 -0.0417125253145791 -0.0986799540862945 -0.103867896058128 -0.0486806076835049 -0.0556492642412743 -0.0922939847893596 -0.164915764039233 -0.167747916722056 -0.0322491027973445 -0.0360222868124706 -0.0297294788476024 -0.0173076975785976 -0.0574463849281424 -0.0491675294505885 -0.0468053182450738 0.0407421091827512 0.0500174864693219 0.0512225521633403 0.0167642362663384 0.0120979411014311 -0.060998713150533 0.0055066388777467
-0.137044008752373 -0.0521724696408304 -0.0535203394159682 -0.0490643107025931 0.0244494313193744 0.0179141937612469 -0.0307711685746625 -0.0607723073806022 -0.0104592838670448 0.0113158531686457 0.0234125596220268 0.0354537755986944 0.00571082342680916 0.0024604345962961 -0.128950369824834 -0.0057170728025874 -0.139013150846577 -0.111542459506391 0.0518631015275556 -0.00997916629406894 -0.0172124314023969 -0.0418165101626581 -0.0964255128759546 -0.0503599741907706 -0.0517747321474777 -0.188317988063728 -0.129098754851081 -0.0275845301989678 -0.0218667969371739 -0.0234410302186734 0.0150033729143954 0.0189862491922103 -0.0567667511881455 -0.0545123099778056 -0.0588982395513593 0.0123642722185203 0.0215383014264205 0.0391699384818167 0.0450407251518989 0.0458766232584361 0.0187070629464756 -0.0567512283221596 -0.0270664033963962
0.0136073910454954 -0.132625076705508 -0.120099310588424 -0.0327610012344439 -0.0151480670353538 -0.00445472083382395 -0.117289071720159 0.0030630040590558 -0.00233405598662268 -0.0146507040298613 0.00785955722253944 0.00639309393621459 0.0100100135848004 -0.0446506944581139 -0.0526713633016134 -0.00650126557950687 -0.00849430919754037 -0.0841056538744638 -0.118932563170103 -0.11615532677515 -0.121816995371387 -0.12192155440831 -0.184600294525315 -0.21313497004493 -0.183391443684201 -0.0517186674819208 -0.0467915489135505 0.000445743946237712 -0.00631379453768655 0.0165253266774337 -0.0387659465452683 -0.0292253865192954 0.0358678443216858 0.00413448530117557 -0.0401994073582814 -0.0435549294145607 0.012050020918909 0.0172934533674556 0.0420015169757958 0.0415832808281055 0.0176027711422842 -0.048628637211146 -0.00104756667942799
-0.0337677723706295 -0.148581132400734 -0.0601417422008145 -0.0667669301327565 -0.00557450453606932 -0.0928275318982761 -0.0754897207196546 -0.180071796685243 -0.160498821341432 -0.17208034516796 -0.178369367985732 -0.130049388090209 -0.12559278518799 -0.129209130647732 -0.0550271525906239 -0.0118466202955675 -0.0116897817401836 -0.0333749684020596 -0.173855242994167 -0.232920274420839 -0.0959549972098029 -0.0942233511840759 -0.104652088835047 -0.104965765945815 -0.0474194773239297 -0.0423355202001754 -0.01657750688667 -0.0507031776738568 -0.0349901257607335 -0.051013069637529 0.0262750047772516 0.0365474780616827 0.100942681352463 0.0131516759536919 0.0134162845042505 0.0125760270617741 -0.0319669836715281 0.0146730555278865 0.0204915626795074 0.0402698709500689 0.0174987862942052 -0.0353300760219987 -0.046180834967756
-0.0678443745976071 0.0133579653468884 0.0303958248429042 0.0515027258434539 -0.052825831870122 0.000786649034157687 -0.0062897775187864 -0.021543711470614 0.0236821439609371 0.0225880592203455 0.012995793864755 -0.0425536659920013 -0.0384814135292155 -0.0375371712386601 -0.124404964926488 -0.187292823117339 -0.265684615147467 -0.222854856629688 -0.228202848115158 -0.154912832830143 -0.151243633663096 -0.158476898771424 -0.101087448704923 -0.102289877629533 -0.0442730733414956 -0.0377743582610342 -0.0942680604083459 -0.0192312162456532 0.0120839066271666 0.0183767145920348 0.0396410283368119 0.045041873529586 0.0449895940111247 0.0420032395423265 0.0464592682557017 0.0172449589960899 0.0213840996404451 -0.0330157849990061 0.0291401599333861 0.0260460354694133 0.0158194197869395 0.0187561315066848 -0.0352228802156675
-0.0350099347311576 -0.0577293140574036 -0.0245294917505686 -0.00562154148364552 -0.0232721465380889 0.033486738348625 0.0616031777205493 0.0680867099490591 0.0490774116034655 0.0436280720393258 0.04027312417189 0.0346637350941143 0.0410427082857015 0.0449797269615592 0.00669273657271788 0.00417689777007139 -0.022278568904791 -0.0894510085905245 -0.111871319469111 -0.251299581775488 -0.20469606505374 -0.101613454847788 -0.0984147713468923 -0.0985161194255629 -0.146675475618607 -0.140385878611991 -0.00803025771146195 -0.0160848122632191 -0.00838045729989583 0.000375909949157454 0.00247351260411356 0.0289137964270244 0.0429997613513432 0.0483477528368125 0.0495043241594652 0.0493442746458293 0.0357472191978657 0.0339110141352161 -0.0184435473677405 -0.0189701276994491 0.0248926751050127 0.022428541631984 0.0214282346758717
0.0494994328982515 0.0445168238531679 0.0222188916328643 0.0188110900581237 -0.0288260451391512 0.0261489142033743 0.0472934860592772 0.064156687378549 0.0579199440792378 0.0371267201894559 0.0538853624718052 0.0502690170120629 0.0481719885459504 0.0397330835547604 0.0106201223738194 -0.0039848525880169 -0.0147310524968517 -0.0935378697164184 -0.0958478014034718 -0.0979416189113323 -0.120082138387408 -0.0961080506180911 -0.0383003644038993 -0.0236361138182541 -0.0869793048233046 -0.0739447779958722 -0.0681256966554078 -0.112981810310634 -0.0542853722826003 -0.0475743281700417 0.00656415887710307 0.0079821277920623 0.028043438423386 0.0260536057636046 0.0543268836909129 0.0580451514181692 0.067222965773165 0.0454446177792224 0.0448140525994347 -0.00413328151762473 -0.016872525044493 0.0370562697399631 0.0243660947733041
0.0654738824036813 0.0608572299878267 0.0327407906159023 -0.0307630240916278 -0.00427046075025568 0.0194939347563727 0.0538325087645003 0.0565051861225307 0.118960199502583 0.0480668553201843 0.0497985013459112 0.0418856024975864 0.0436663170835226 0.00779060646040513 0.00658554076638671 -0.0467132630271252 -0.0721722078929708 -0.0351551087991523 -0.0877710678944153 -0.037095298709881 -0.038248084885438 -0.168819206052935 -0.0314324817359568 -0.0667115128875442 0.015546624489777 0.0124498632563957 -0.00408069295306113 0.00121559320279037 -0.049564160829823 -0.0468914834717928 -0.0565176345356409 -0.0478141209938924 -0.0358257587245296 0.0320818051779143 0.03795316603684 0.0718364072307675 0.0730388361553774 0.0854606174243822 0.0563999357619023 0.0597548836293381 0.047384807689951 -0.00659420403240135 -0.0155106207950907
0.0670486898740244 0.0525967683204764 0.0116791730284663 0.0173969062902602 -0.0383622458291848 0.0136786385630039 0.0274477154183029 0.0485400077557444 0.0524183249966367 0.021365173904967 0.0177488284452248 0.0156544367485208 0.0134554860148942 0.0039155001777649 -0.0425154209478046 -0.0476020148409673 0.00076703361476581 -0.0283395056496712 -0.0809554647449341 -0.0154586064193706 -0.0298608852238658 -0.0102727270281024 -0.0615229967268675 -0.0665541001433167 -0.00890325248450881 0.0256628334076677 0.0303285543837315 0.0330044427000139 0.0346838092072796 0.00871725200877251 -0.0492811584690608 -0.0719444731297498 0.0256511266567095 -0.00994479256389791 0.045608452439954 0.0517934904096475 0.0592887272991256 0.0645295229782637 0.0722855832712047 0.0923317110505767 0.0647407036326738 0.0609631602816086 0.00362920069182042
0.0631186673035144 0.0459940683919361 0.0208634092999662 0.0126272004661173 -0.0258995827465747 -0.0329765834883624 0.0199530527176684 0.0194270465748033 0.0229916867049278 0.0227308633014649 -0.0374352489711459 -0.0315638881122202 0.0146088463792949 -0.0455017754166026 0.0203604653493463 0.00522627328639297 0.0055895931462136 -0.0034582722563083 -0.0820559714020299 -0.00958724556044495 0.018163811371094 -0.00141180074212638 -0.126492700531879 -0.0555432916839235 0.00163382935048075 0.00577675514193156 0.0100765194887663 0.0369382504176196 0.0384607783695013 0.0414503437965515 0.041782414717523 0.043510849784998 -0.0166368686774093 0.00158881108010835 -0.0484590296940469 0.0117599362858688 0.0147985702731283 0.0204085335397475 0.0829304351013689 0.0801531987064159 0.0872328362176121 0.0762220277582188 0.0759045655003554
0.0685717920147497 0.0520745473247069 0.0506597893679998 0.02159910770552 -0.02159981839974 0.0230471771816412 0.0902228278256269 0.081623873320801 0.0297921070024574 -0.036226398130032 0.0359777191609945 0.0159164085296708 -0.0402087002190033 0.00915950681515511 0.00653910897558602 0.0715622406767458 0.0774832442847243 -0.0647777448933198 -0.0565964523473407 -0.00565607461224774 0.0282271665816799 -0.0530274528812771 -0.0630227715326064 -0.0442188061137624 -0.0409155635759444 -0.0368771968214162 0.0193066133622234 0.0198848990235497 0.0486841830937231 0.0507817857486792 0.0534021835882482 0.058224743119696 0.0414327893179327 0.0446805413790372 0.0584157325260786 -0.047286701330599 0.00921078596380829 0.036244538299997 -0.014277029098562 -0.0111829046345892 -0.0133327868080066 -0.00699148447177273 0.0427394682333627
0.0688369747541518 0.0646417694442397 0.129246090808865 0.0292882798168916 -0.0274183255513609 0.0238351551056563 0.0212147572660872 0.0343042003813894 0.0240965526979628 0.0871266407810891 0.0841376495428825 0.0893784452220206 0.0879146187051042 0.0839349533855414 0.03649175341016 0.0975320088335049 0.0725625476328581 0.0110982083341622 -0.0338618901691431 0.00834108831594372 -0.0220814975959385 0.0245252300840622 -0.0383997247732979 0.0195125204778166 0.0213487255404661 -0.0300093141534737 -0.0344098523901354 0.0312616641121722 0.0371853044895592 0.0611588180700327 0.0628904640957598 0.0698629058006248 0.052649504892919 0.00396414255700962 0.00454563917658798 0.0689069567591111 0.0696943604942826 0.0898085248329111 0.103961952127643 0.107160635628538 0.110882114314047 0.11140490949866 0.0552733788334813
0.0774365034478213 0.0720356582550472 0.0697812170447072 0.0393548459857295 -0.0171426413086779 -0.0204426728882437 -0.0231676297647354 -0.0310843137601559 0.0161313743311766 0.114775775445114 0.116713902775278 0.11482599238301 0.113303464431128 0.0341269054352369 0.0353944577113163 0.105291854273542 0.00717082253306081 0.0288080890124146 0.0883900678960386 0.0255702462644447 0.000287107953030062 0.0331247587777317 0.0211918869850822 -0.0313717925917195 0.025491651331917 0.0210911130952552 0.0265965173249519 -0.0225102921169 0.0345622698805816 0.0719572974973288 0.0725355831586552 0.0779887078698905 0.0560573064676596 0.00863307449132545 0.065656567928598 0.072367037852313 0.104838732047785 0.124266840729913 0.135280860147558 0.138950059314605 0.151793287689553 0.154044517941641 0.153047996132624
0.0805866925773511 0.0753949654584222 0.070150958821032 0.0384143888422698 -0.0169788066479462 -0.0234284531681982 0.0954189142804949 0.0920633922242156 0.0818367765417418 0.120072061600965 0.114041225417247 0.111313631771347 0.116613128885451 0.101619444148242 0.0408475824225516 0.00884697808207438 0.0212202649797136 -0.038367561631571 -0.0331229808053372 0.0411819500988974 0.0548961106663265 0.065067235872087 0.0204605479154676 -0.0347235295009032 0.021404790206023 0.0490507139117958 0.0291123561275984 -0.0175276830718163 0.0392312018148975 0.0762602728024156 0.0752637509933988 0.0786192730496781 0.0585763562285581 0.0661270835947497 0.0690643695033386 0.105727483861628 0.109295334950004 0.134807133523155 0.143458941735285 0.149643979704979 0.154048303088736 0.156355023817537 0.166208686765434
0.168784801561698 0.0862495095512752 0.0823674071632873 0.0471739670495752 -0.0111074457890205 -0.012783601338034 0.0275642040853559 0.122012825700538 0.115148728179691 0.11624980902563 0.116351157104301 0.161416963022216 0.112682532126097 0.106654332711787 0.109751668134012 0.0794304303008006 0.0310064655571977 -0.0297680329379016 0.0282493455389791 -0.0247357811437651 0.120869332385702 0.062606887546154 0.0234953967556314 -0.0300610194830914 0.0262273497374708 0.0250772003313222 0.0326247167392616 -0.0140153224601532 0.0421162082050251 0.0476210382458782 0.0748487258039606 0.0786224840079303 0.0815042794398057 0.0940344048928288 0.0992261320117577 0.110919210980556 0.113016813635512 0.185956055143249 0.197545149263969 0.206876591216096 0.162386434190099 0.166892105652527 0.167728577947908
0.177999414832738 0.166841400692717 0.0906538329350325 0.0551957842707618 -0.00942750509291125 0.0403557271306855 0.108263291033129 0.128881282557324 0.12070377515844 0.116034269035281 0.174162054276744 0.170545708817002 0.10933022102807 0.10707577981773 0.108438258255976 0.0834133065786155 0.0409690468779565 0.0928504559453529 0.0400379248587878 0.00547562411370682 0.124277133960443 0.125120028172328 0.103234484372054 0.0264332568530638 -0.0135114952745874 0.0487037252816139 0.049069681910843 -0.00809168208276614 -0.00704288075528815 0.042955891458658 0.0779428502679334 0.0795699372567377 0.0830822978684009 0.0893718948750171 0.100118094783852 0.100016746705181 0.166367896947486 0.187060346947441 0.196496347936491 0.157037868515786 0.166944385170988 0.174230503986621 0.150779785590761
0.1877496671214 0.171658112496504 0.135732759124334 0.0632672442410012 0.0561928802686221 -0.00895320427966395 0.109103548475606 0.0620785846479147 0.129041906259803 0.125372707092756 0.169758305081831 0.16561537929038 0.109490270541706 0.113476357777773 0.105926204600425 0.088186797549854 0.040021593629149 0.0987186058460265 0.039201452563407 0.00867109665635018 0.0595586206841383 0.128942854936507 0.123862108771005 0.107119223529451 0.0591625634937472 0.0583298763454621 0.0531048377071191 -0.00541900472473576 -0.00546749909610138 0.052865619072112 0.0472065872452834 0.0825072231653266 0.0835560244928047 0.0880126273950233 0.14382405903293 0.155096265084629 0.168308661047058 0.189840794300646 0.143145264624518 0.147445603160196 0.157299840296936 0.140194209384405 0.147006027386791
0.199231565435788 0.159314277099891 0.149564024811229 0.141447281427876 0.131331646698829 -0.0113940104177063 0.0449244593640179 0.139268521942277 0.129359368517666 0.0618694665740695 0.172487047105418 0.172065599999475 0.112000261616692 0.111902124496273 0.10687044689098 0.090441238760194 0.0421224072423571 0.0370358133491944 -0.0237456812512525 0.0624500489907701 0.0663806457501237 0.119082195883262 0.130364034809718 0.0993103095292047 0.0510431833409857 -0.0268527031074398 0.050278532751957 0.0426395775784817 0.058891181717013 0.00249825345952841 0.0539149945884336 0.153453995243873 0.0849190771198941 0.093357982111084 0.151636183991428 0.158507277617622 0.158611836654545 0.177990876776463 0.137120850357303 0.145821727129643 0.154839491971003 0.133800053340867 0.0852715295603411
0.123626068486525 0.150194589991017 0.153769437184741 0.0739617388202182 0.00338149755974404 0.0073486167967637 0.0399059020301116 0.131402054884753 0.14136727297492 0.0712569731917541 0.186013694367458 0.109660229368476 0.126212964535232 0.112689528231445 0.112428130639138 0.0863543776343 0.0401848541010371 0.0936442815970286 0.031379992480618 0.113157981317031 0.1194507892819 0.0537982407786393 0.0630806141705577 0.0300338452720109 0.0521997546636383 -0.0335114677015371 0.0357284740779905 0.0538960265893864 0.0576791199176471 0.00826562947037507 0.0604633524179476 0.0918333915786372 0.0936728075995389 0.101062911263251 0.154518553612147 0.152581000470826 0.166633079686888 0.183708610038257 0.135180086257731 0.142887652179307 0.157567659805747 0.134639736594499 0.0894144553517919
