sesion_7_reto_final/reto_final/Futuro2050/modelo_enebrales2050.asc
NCOLS 708 
NROWS 329 
XLLCORNER -7.525 
YLLCORNER 35.991667 
CELLSIZE 0.008333 
NODATA_value -9999 
[rows 76 to 94 of 329, columns 86 to 128 of 708]
0.231733101691632 0.260492078137044 0.337466475441057 0.334895146161697 -9999 -9999 -9999 -9999 -9999 -9999 -9999 -9999 -9999 -9999 -9999 -9999 -9999 -9999 -9999 -9999 -9999 -9999 -9999 -9999 -9999 -9999 -9999 -9999 -9999 -9999 -9999 -9999 -9999 -9999 -9999 -9999 -9999 -9999 -9999 -9999 -9999 -9999 -9999
0.301378435785842 0.341138885566356 0.339825475688319 0.282454419432021 -9999 -9999 -9999 -9999 -9999 -9999 -9999 -9999 -9999 -9999 -9999 -9999 -9999 -9999 -9999 -9999 -9999 -9999 -9999 -9999 -9999 -9999 -9999 -9999 -9999 -9999 -9999 -9999 -9999 -9999 -9999 -9999 -9999 -9999 -9999 -9999 -9999 -9999 -9999
0.402347951438784 0.403438825221124 0.392695836270541 0.396691556381364 0.401614889802639 0.346130255546887 0.284254102017005 0.298669501092887 0.299558252906729 0.308258555490225 0.31767879943848 0.317476103281139 0.315747094024821 0.337544410017811 0.379063395426961 0.44267119498257 0.37182955612979 0.443722633079457 0.361762415772108 0.436590141860956 0.375583772145869 0.453385306620971 -9999 -9999 -9999 -9999 -9999 -9999 -9999 -9999 -9999 -9999 -9999 -9999 -9999 -9999 -9999 -9999 -9999 -9999 -9999 -9999 -9999
0.317667476604917 0.416220736703784 0.368913035658072 0.431785710996971 0.432517624255429 0.341495198025192 0.29548950915266 0.439636346142407 0.359368041424867 0.375462807008014 0.446546875454054 0.457449913918273 0.268809708944277 0.323467780217783 0.334060352529486 0.332436476498933 0.328349041184196 0.323473627945443 0.314661770219676 0.372845045937854 0.372423024643068 0.363303911723037 -9999 -9999 -9999 -9999 -9999 -9999 -9999 -9999 -9999 -9999 -9999 -9999 -9999 -9999 -9999 -9999 -9999 -9999 -9999 -9999 -9999
0.299918160241212 0.395170516821204 0.429945720787225 0.355767527877213 0.363315044285152 0.377897488980018 0.461776291429639 0.470160280132959 0.447552455948983 0.45813539538593 0.392374502698652 0.404781101115705 0.358193915623595 0.416684446536036 0.474909794709075 0.474377366649705 0.458965445764807 0.388619712493729 0.339980207759777 0.283590490460544 0.306939860777734 0.374256018747465 0.361052681470949 0.395883375913684 -9999 -9999 -9999 -9999 -9999 -9999 -9999 -9999 -9999 -9999 -9999 -9999 -9999 -9999 -9999 -9999 -9999 -9999 -9999
0.336525784122788 0.412575481324136 0.418437209308305 0.346468174195519 0.372263549318275 0.382445807086151 0.4924400836858 0.47832872884593 0.494949500571942 0.402856094056928 0.463163862032971 0.296692777408855 0.403182615000704 0.459771541060647 0.382865180315891 0.382443159021105 0.3877400193658 0.38805690743482 0.394395573001645 0.390776016583651 0.307370940758433 0.303492049328697 0.324270090366527 0.401009979681144 -9999 -9999 -9999 -9999 -9999 -9999 -9999 -9999 -9999 -9999 -9999 -9999 -9999 -9999 -9999 -9999 -9999 -9999 -9999
0.397953026754974 0.357812276824864 0.362736184434982 0.360882999082557 0.357883800780751 0.407924294139887 0.504911507703858 0.492642779843141 0.480202869906674 0.478948161463603 0.41952829467418 0.355483290971833 0.482579987525762 0.501681873014578 0.428634861511667 0.428425743437822 0.437963092505543 0.432288580076297 0.429723672713442 0.403256499287621 0.398799896385402 0.341570495832537 0.337796737628567 0.339476678324676 0.391239536144455 0.415140876708905 -9999 -9999 -9999 -9999 -9999 -9999 -9999 -9999 -9999 -9999 -9999 -9999 -9999 -9999 -9999 -9999 -9999
0.409378286214962 0.348443738206227 0.367975831736433 0.386011935607996 0.45472323447525 0.472344313157375 0.509044226431709 0.502803697985302 0.48759939548689 0.447940856678253 0.434201880384116 0.49735228454496 0.489795135262264 0.51781343751377 0.516820126663006 0.452271295775093 0.455679097349834 0.461076731584356 0.455624181061964 0.46526930012486 0.495941311735349 0.493837287163888 0.431622066607687 0.430991501427899 0.368589915943996 0.426658425561651 -9999 -9999 -9999 -9999 -9999 -9999 -9999 -9999 -9999 -9999 -9999 -9999 -9999 -9999 -9999 -9999 -9999
0.44902511827264 0.358196053075453 0.382978575159554 0.391107588187072 0.390000085424628 0.471241509744905 0.47066058731417 0.519383885648175 0.485820743481519 0.385571434336076 0.489522956417515 0.522197920959172 0.546840509906371 0.549101373033215 0.550460640513209 0.58553142553026 0.44226955520726 0.451179550053445 0.447092114738708 0.532121640783321 0.537101038870153 0.505942754552717 0.424952169451475 0.428095362475657 0.384681470568891 0.380122945399159 -9999 -9999 -9999 -9999 -9999 -9999 -9999 -9999 -9999 -9999 -9999 -9999 -9999 -9999 -9999 0.355887621075758 0.411268270483431
0.388779262689815 0.376224586652825 0.37302590315193 0.386722232802362 0.334315391780944 0.41134527956167 0.487613153522776 0.485770526543622 0.49012578136717 0.386152356766811 0.508208317029535 0.479588624660888 0.552260046659814 0.545647139667674 0.609747633846734 0.540772300617765 0.45433180176354 0.419981255861713 0.43534089722815 0.504118819134232 0.437484931673907 0.439210155783129 0.415198706204561 0.512924254943495 0.437192296438388 0.370862176775696 -9999 -9999 -9999 -9999 -9999 -9999 -9999 -9999 -9999 -9999 -9999 -9999 -9999 -9999 0.418570996967081 0.400384476456638 0.333735406144361
0.392078145891694 0.412842417598 0.42902568742681 0.403330160695366 0.417071773758911 0.358323056212416 0.371333330206347 0.439182192673826 0.386098928870663 0.510357050825265 0.509416019492961 0.547602810180819 0.536163558510136 0.533223061643295 0.60320512374488 0.548547626660218 0.456748355068081 0.446731431648295 0.435079499635843 0.469015020348232 0.366829657748828 0.361215558025442 0.441686558900323 0.520099392805701 0.370127052558986 0.366100955448622 0.351629491707183 0.355756086268996 0.407673443625214 0.401327781953041 0.387696575654079 0.314806402706552 0.349820251118737 0.285877169683904 -9999 -9999 -9999 -9999 -9999 -9999 -9999 0.273577204179976 0.350264516225666
0.419918844150945 0.430191317435376 0.498093033610159 0.515765817621901 0.495778391277495 0.433716224129582 0.386846599169916 0.332550699378544 0.433754457878142 0.528555266791029 0.489656105032604 0.481311552014736 0.542835166937241 0.597022722544595 0.600116847008568 0.550961543195351 0.554366133811839 0.542616990177483 0.521258026708918 0.482267426184957 0.397878672383731 0.385769419847807 0.380374996571537 0.384868121951422 0.374105867251327 0.371370703311235 0.420216115160781 0.476226755559398 0.39647191090218 0.440361029120708 0.439367718269943 0.363703519885715 0.3484604094499 0.351685982553705 -9999 -9999 -9999 -9999 -9999 -9999 0.292704554455637 0.295795467961358 0.361340820658287
0.570008863705969 0.507120431326275 0.520902054264117 0.52939060200436 0.456969445035625 0.515166192334861 0.470319137365547 0.426100010806612 0.485264327731389 0.445663353275668 0.472482437560816 0.471002556252639 0.442052855543586 0.608928130545491 0.611915059203133 0.540734353324033 0.543090716801887 0.558447721398916 0.453157101773425 0.465423192864733 0.396970654820376 0.466646387226213 0.514808380188666 0.502803686689665 0.50412994040071 0.499617847021778 0.494269281347465 0.449390414546096 0.438062143828839 0.416148296905227 0.412841269220313 0.464235831391919 0.450389085102608 0.416547916363542 0.302419123598217 0.364824494229216 0.392537040973817 0.318237957797243 0.30313650306486 0.294641533408113 0.291550619902393 0.302255672854881 0.380964927142873
0.526192492692308 0.533383111156931 0.53825795020684 0.53677749470982 0.533407629133173 0.545061846605363 0.367154721268815 0.493657375120622 0.552406666855961 0.47644454840176 0.465858398006561 0.489413675439344 0.376280830294193 0.562248932099002 0.552754229674986 0.489810306818579 0.564380420462216 0.571826588791484 0.448131271895792 0.385853213447859 0.402798794846754 0.479960131267312 0.530952214332023 0.549413901766296 0.543650310902545 0.536837344522472 0.536308127421355 0.524342869607806 0.521823819846908 0.505951016170614 0.500759289051685 0.482533332855789 0.474874261305579 0.367052045836646 0.417443090093888 0.367539818230952 0.26834723201685 0.262060845968486 0.296696191668899 0.392077083680937 0.381650982799374 0.31201119868236 0.305404713606724
0.538146969253413 0.535058692517101 0.547637886530333 0.557805800777841 0.541179744217375 0.536941892263758 0.443717304341642 0.505498808147736 0.560993351716622 0.49724825579352 0.513523262138331 0.514947652969794 0.516392511487663 0.517497377480698 0.518177585409539 0.520693424212185 0.500975317063948 0.49850854682151 0.461452012042239 0.394410446807494 0.396560903169755 0.462426354893956 0.460063569499598 0.549471454823574 0.54690975841897 0.546386963234357 0.531540484177777 0.547580333473055 0.575076766038463 0.588505276180084 0.568470280962827 0.513910346809739 0.493672655435141 0.461795653001927 0.428182868086219 0.347594762091872 0.26018463103154 0.222243757333572 0.305341577964526 0.322895545585909 0.312146134718822 0.318196810840897 0.364261201148393
0.523024749084159 0.456224113755315 0.488594459872117 0.449328767295619 0.447763018511189 0.405001296552667 0.499472671313991 0.514787029267315 0.439655535380834 0.588837835122969 0.613239217725889 0.597396216860292 0.605529589223749 0.605643781135427 0.526502872677893 0.532750397229648 0.58801949149505 0.56810132495888 0.542294817274009 0.420461095356518 0.468545993073802 0.405516479179519 0.459076106376494 0.543350966016507 0.475394333553854 0.475651945999065 0.473760250459702 0.532493210965402 0.529346806982967 0.563865324002293 0.563179268345792 0.565544690509559 0.50044446356323 0.466882821083933 0.464896199382404 0.409931798413149 0.259814889255215 0.246180471998001 0.300368601794198 0.407061135543389 0.398628078279859 0.375495747640377 0.342171249919885
0.398380479252301 0.518834817313064 0.560908983927727 0.44336133189684 0.394621053273061 0.481211043267651 0.49552188330661 0.440971582028279 0.533659031245415 0.57541838366726 0.621786466901097 0.618480587593871 0.618994324092571 0.590254315646207 0.58610760470766 0.56508250959789 0.582034512913289 0.576430397374331 0.547692451508531 0.547960271017342 0.405489589576609 0.395736126329696 0.442793827487957 0.531704307542872 0.480588697442191 0.478487309640139 0.473873868182537 0.468629861545147 0.44447733045199 0.522952076750585 0.437796386900593 0.429722290160945 0.408693984092923 0.47460208246083 0.390175094911044 0.400282894203158 0.351293487631237 0.337858555573112 0.389106188502469 0.396929446023081 0.385447547708693 0.376432993825585 0.419576727204597
0.522104748331468 0.524420527746182 0.541114344427527 0.434722069767253 0.399776257914324 0.497430835574127 0.485465226450907 0.524660808591946 0.431760456153869 0.585869874464374 0.581420841856347 0.591495329629047 0.568254303495876 0.578997866635302 0.439710111654669 0.560655081758319 0.570366249671199 0.585140907021427 0.595054419781977 0.551361650675579 0.453740086784724 0.378368523636014 0.41633920014468 0.482920510336078 0.471024161021095 0.472706738486613 0.529129193116416 0.514209966854969 0.529527887076216 0.446260681807335 0.436190904680245 0.422395863720551 0.487246399825531 0.379841846315445 0.329879596579165 0.238427887806053 0.232642117985003 0.337181558602524 0.387069924051886 0.404433741598472 0.397618138448991 0.3751227949058 0.40382486735407
0.480390977073202 0.546668243028589 0.538702490472959 0.440390160279994 0.432698925588057 0.516401272423111 0.490294207898859 0.491486429759869 0.501837444417621 0.529385805191819 0.499584151584968 0.493089221651603 0.587868425796034 0.524225603450117 0.527905009680764 0.562122119233487 0.5722964553975 0.587147347349225 0.597603272353572 0.616716501988038 0.50225070477696 0.444334674378749 0.442602454164179 0.509242465790543 0.508147806861108 0.441485042088601 0.498008844797075 0.541782845605409 0.459195274076525 0.515408610632483 0.52606138406651 0.489554534074761 0.412871634924217 0.396929922749357 0.321400383963214 0.246605395204936 0.245906793465892 0.162058091577433 0.304752808801221 0.384880957502687 0.374236105672523 0.299203046656926 0.406562093874727
