sesion_7_reto_final/reto_final/Futuro2050/modelo_enebrales2050.asc
NCOLS 708 
NROWS 329 
XLLCORNER -7.525 
YLLCORNER 35.991667 
CELLSIZE 0.008333 
NODATA_value -9999 
[rows 247 to 265 of 329, columns 258 to 300 of 708]
0.74325401759193 0.786765971747821 0.850122283024258 0.861663456962455 0.87868962100315 0.886978683544304 0.844795821435951 0.830807132988379 0.815385579228725 0.760858105967829 0.616857996653247 0.552407973257977 0.591098644690607 0.616706220053145 0.657014568478996 0.653472681495014 0.640484310020004 0.545915723636776 0.523540419732925 0.462709580133891 0.509036792849759 0.565941395025379 0.578813512008145 0.593978378821104 0.573224314178397 0.518223114293099 0.503490252959353 0.499187277654267 0.468212445056746 0.412357792586291 0.40821486679484 0.42551527226085 0.438313791411527 0.490452812924134 0.516160257990072 0.539192740238242 0.538569171163802 0.458731946426961 0.446552859893957 0.496373762972906 0.512718879753176 0.449812351313744 0.471559163914009
0.759574318645491 0.820737154294204 0.845337670786542 0.780181379174656 0.718328276541382 0.776685647543097 0.795229065996856 0.775021177432955 0.696743652185798 0.626095746987826 0.497115297810484 0.388923638315691 0.561247657380806 0.612023253644565 0.66276091391023 0.635775358194942 0.567824297021571 0.54293258012623 0.509761433564492 0.570872362316501 0.546706912519043 0.599978540254817 0.60673659034702 0.612524157605894 0.56617534012157 0.51805636642458 0.436288361772594 0.436562603197909 0.404741091241408 0.407162003881888 0.417167231846352 0.430527981867096 0.453180738154513 0.462048660545837 0.492112285933838 0.497624112080038 0.538217823197681 0.507515136837187 0.512187279729754 0.5266552673702 0.509317851404611 0.489907020762724 0.445385051904671
0.792109626488625 0.818487646608647 0.740643816799511 0.745966364810222 0.739873042044443 0.75751750162076 0.711357399378719 0.675822541924107 0.596884999996138 0.507853927425127 0.328346063121566 0.314966621540154 0.468251241698512 0.565663666203434 0.597056734948645 0.595736903154104 0.54586722926541 0.588010081499466 0.502741985879982 0.573120381610337 0.546700490602539 0.539036145513512 0.607440189186503 0.60242342929042 0.538186287804004 0.444529504131226 0.410358624802219 0.43916789305682 0.442748587978205 0.292138686446354 0.389276890838048 0.434471996648301 0.444528929942383 0.442260719400519 0.475990332997315 0.536640953146773 0.531337670885574 0.547576431191097 0.597941382913444 0.564477303365722 0.600566512710711 0.516954467559143 0.446500199832599
0.743719249702815 0.75385793532847 0.750194583889083 0.689310678999209 0.685252120996653 0.678793415790488 0.646461952482383 0.573297634292921 0.482681547187967 0.437761831180717 0.480824386416999 0.324803655507947 0.433578311309676 0.467745405491588 0.500777830869768 0.510422949932663 0.49751929755622 0.432815988443954 0.545770953158472 0.505820629741538 0.510101702527704 0.522638824086075 0.567187682547038 0.549989199348542 0.513709596098101 0.406043379852967 0.275418289208202 0.428016875022147 0.430377937849974 0.344293762750222 0.39427234371614 0.432469320155511 0.481511006245893 0.519007604820483 0.469750378739752 0.544117498475582 0.55540254836029 0.590073193289389 0.549891296402933 0.544417194671291 0.544404020840699 0.554885984820733 0.488048062553932
0.743876662447042 0.749012899089257 0.713211721813194 0.664657531678738 0.646935104917943 0.562510477699187 0.505794612077937 0.394218255464218 0.49000426335256 0.480650918881511 0.478648816577565 0.493222202586517 0.437302426764593 0.387080767145279 0.398343340322222 0.39902882178988 0.38813426782273 0.487987594649074 0.418942427423025 0.453272782076825 0.495416761376481 0.514199684920076 0.498036585027206 0.516121790066703 0.425971519277928 0.401559036720617 0.40519501053518 0.325889065480021 0.437253742121779 0.407967887594194 0.30398333043172 0.406695847551676 0.483676369021728 0.496106294773767 0.477556655970589 0.546310601481548 0.554442825467318 0.516991733185014 0.52166066511933 0.581197934778684 0.526247303140952 0.5215544161236 0.530018223008428
0.776272674917774 0.749003266214501 0.691581153688722 0.640935229939059 0.548394763523378 0.425741273161903 0.525957919848068 0.494247963033837 0.481597223752631 0.501403272253324 0.520757145338864 0.492624651175679 0.514496425644429 0.436022604844349 0.456737233801603 0.446620450694869 0.464757126889174 0.520090121257066 0.52307590153702 0.422232251938991 0.394471210823025 0.49653217444715 0.443872431626132 0.44001923915805 0.400602864799931 0.388386990646519 0.392565025395208 0.405467529393964 0.394444451290406 0.40346863804827 0.360190542821639 0.443153980292887 0.431702107668367 0.437978509532303 0.4573578260926 0.485110594295033 0.466384298310201 0.455112666447345 0.53472471831908 0.559242929603088 0.532724699907786 0.541816062581235 0.57067233681548
0.729717376129012 0.693478696955746 0.670773086961023 0.560774472337521 0.415496528811967 0.380682240470163 0.419474855482394 0.406010120613572 0.507825178543445 0.52904505950233 0.549630590134332 0.520021999810066 0.451009867665053 0.425058791068963 0.490574968703245 0.415004845853961 0.488260124803496 0.483855801419738 0.483528706287119 0.451425605490284 0.463171538166387 0.486559418670515 0.438959656578129 0.31346231807851 0.312691543323442 0.26408015144138 0.409769930510207 0.397916802027773 0.35441995585254 0.353476287750828 0.367372676789193 0.447041930408535 0.449812744886984 0.483839629493616 0.435051993580521 0.388836612445301 0.382586451124138 0.424567392831078 0.53437745325052 0.519774615740542 0.521199580760849 0.52603703668942 0.572621585412121
0.699917562223555 0.680809850319164 0.4941005750029 0.554809673708151 0.428667203629205 0.402713841573378 0.422623896234237 0.497318462412359 0.487873402737396 0.533131920628224 0.55633578651923 0.513212818577089 0.363892946029083 0.424141161942939 0.399853748372525 0.455704062819128 0.457200903104993 0.471407758295873 0.449184582301796 0.437241801196012 0.383200877080442 0.36913274307312 0.38134712883481 0.342268949563702 0.310195895768823 0.32368197026336 0.389876293245917 0.362684479105364 0.365357730652238 0.387585828875462 0.441401005937082 0.452897810665044 0.497856983669835 0.468299173176671 0.476843785582471 0.438068150860016 0.378149666848188 0.422819117825247 0.566468847296397 0.53320255169332 0.516542344281854 0.527103955388724 0.542281666034691
0.55038799741286 0.518827883048665 0.481245991186665 0.602219913473789 0.516112708789516 0.398524483991126 0.466089769908999 0.451355420183532 0.51392753868305 0.511076694439558 0.557329097369995 0.520581593910724 0.463069477451924 0.278285485632814 0.428033025636182 0.463036613425562 0.457533845965273 0.447260798491999 0.41283607055279 0.372083447003561 0.336371348162003 0.366950995508441 0.417943652761995 0.324837967397169 0.340888949254561 0.340874042840988 0.438110033043429 0.354532063871567 0.42456469422072 0.449311842204842 0.383253603636435 0.510937644537602 0.484562835375833 0.513900043923364 0.479313192594317 0.416255863598609 0.437269837441901 0.509449117694133 0.61070892956365 0.557521830654995 0.533763304188114 0.502377561545836 0.552978574504144
0.502832391667986 0.516996951524833 0.630583406917653 0.604149896320918 0.523917263453823 0.38104911130227 0.48065558562376 0.474778951226018 0.467539838390029 0.537078550866751 0.555250164963621 0.540668868646442 0.463223105049056 0.346807857674251 0.465849723238044 0.447715833555734 0.436135798120927 0.42281505797448 0.40793932898396 0.432333938360704 0.36756286912756 0.338349485366463 0.317357052715971 0.345530130942296 0.373162285316545 0.460447400949186 0.466622806044123 0.436582582862402 0.36414245789462 0.399103377728208 0.495472869945399 0.458907318518685 0.53323292869286 0.529007346383408 0.507349612217648 0.509656332946449 0.519046677900628 0.551829391125372 0.617381442177184 0.607304690256833 0.574867519534118 0.52389828579893 0.534329097326104
0.545071669751567 0.557284332946727 0.641583434124604 0.556413752063916 0.604516767153025 0.479708121079316 0.541520597385881 0.490827285018364 0.487257371349423 0.493114399983619 0.53337839049487 0.485921718938431 0.441219605502095 0.441237511290385 0.337083644361277 0.392673135404417 0.394917943740001 0.377853248200281 0.407639069895044 0.415223959407871 0.358687610616854 0.40359864055995 0.339491947343558 0.354270666279261 0.384100060116243 0.445480308064422 0.386181607979939 0.365618554055701 0.357293266787347 0.450647505911471 0.47719142327279 0.468660207576755 0.504614438261107 0.544034044889565 0.532064097742493 0.527429890848019 0.522969130176946 0.575696271792721 0.649029486598197 0.649891072370751 0.613550492242057 0.533589241151696 0.480546359844588
0.637197813597152 0.656537120283152 0.62579156439978 0.623995135036618 0.622824815694529 0.585631644903538 0.532665795265943 0.457061148943903 0.403185782055595 0.385856700844489 0.543562635972017 0.411142487220949 0.402545967918446 0.374563337517385 0.358304737273506 0.330554903590947 0.386929140287763 0.37872709360055 0.350292840661091 0.36906785389646 0.276519125862882 0.411655194116617 0.356367131852167 0.373230035420973 0.36448387523552 0.448381943434654 0.33389254245021 0.305896142717625 0.374705302266919 0.497619913782323 0.468885455313154 0.48440449713309 0.505198571650094 0.538769847004147 0.536536734123885 0.523344518113847 0.501743401490401 0.531741530905173 0.626798389000257 0.656216319915725 0.650716784725775 0.587926287899415 0.488661954850254
0.621589044282573 0.595468285298091 0.580764078397355 0.606189711743787 0.626859982786442 0.519084496858775 0.50724157543994 0.464661519059147 0.460197005848702 0.449996630709002 0.429218026777965 0.463244709817512 0.402336849844601 0.362081706435727 0.317194430008582 0.32301059814126 0.295928979181755 0.236148067975799 0.324595028469909 0.326939696492442 0.300924644922569 0.376533299270878 0.368718888852643 0.384074967951157 0.402271121336356 0.406107717432058 0.326357869875279 0.319919918810348 0.362995020129173 0.437175498498923 0.473302973839591 0.46318255359364 0.528639657171198 0.536402139380643 0.557181317500524 0.525576482616422 0.524365557899106 0.486199160026361 0.564023351464226 0.663286324552165 0.600002484042216 0.615901922195129 0.520062019700813
0.580201507513255 0.582649363315851 0.625001535190837 0.657856166305314 0.668974744759882 0.582847646578047 0.453159153058352 0.509531050736225 0.507207923906492 0.514626341989179 0.466741015637915 0.447518537633002 0.452377694513409 0.39622784490932 0.35816259354816 0.306696507420667 0.315499306460521 0.295990891574973 0.315390048073625 0.305536959314572 0.282188163186225 0.283355515761321 0.232406079340316 0.289842535386461 0.37547016571867 0.411444013462206 0.411169219160135 0.379624011209514 0.402347738576062 0.453764181954502 0.429577116092951 0.475106068949911 0.531664873136606 0.532284327066366 0.540151368312733 0.516553221357073 0.508447247930526 0.457997204487854 0.533478227590545 0.574327137263162 0.615391375342594 0.565940300206899 0.522872269864714
0.542238178419609 0.565195904441553 0.585172772412689 0.535339897440039 0.525907107409241 0.513996712324356 0.565345693332383 0.551907199006334 0.575635922662519 0.519286215237582 0.480751022399114 0.448472412798314 0.466805937422299 0.440089148026423 0.389492271524882 0.322415683499829 0.330321246228772 0.387753917127822 0.360449432075036 0.37087725552313 0.369293389366874 0.324432374794589 0.29966789521102 0.29875310442149 0.309742010361962 0.380932923304662 0.401944973014338 0.374740113473692 0.379829344136263 0.376475533350877 0.379851799531941 0.450029189063761 0.50137667038443 0.512673415724459 0.471668804578508 0.520038415927448 0.472781006690925 0.516047043856927 0.392529872534609 0.403530473930402 0.399542898302614 0.407305391807696 0.378043513675234
0.443175041840431 0.478888289059676 0.511870508795597 0.525840294098965 0.503613258086498 0.552090076537406 0.566130460298146 0.592528299044437 0.534551504630697 0.502299486882341 0.530396107627996 0.438829356315983 0.450762877168769 0.414204694469161 0.299154189680252 0.334989029785401 0.362709114216469 0.308063898071609 0.436999096443561 0.390009518011487 0.389660190362361 0.343856644770414 0.299158295169087 0.276227383878759 0.315839692463681 0.406939490377466 0.393966025316029 0.405055152269572 0.385816045284555 0.3855012197961 0.379076665440934 0.410051498038454 0.431048842901643 0.443947561753303 0.468259291732874 0.456266867878037 0.467921085350227 0.430825168444708 0.366570121170002 0.292898668653341 0.314360128578264 0.327985487149566 0.314920871056609
0.460412960724379 0.490264842564763 0.517460643419497 0.550464414364667 0.564792808882245 0.567112373444055 0.553830143484546 0.605043815834352 0.541189238645182 0.512350870199227 0.54253224976683 0.510400271657813 0.458811583992866 0.441069912794645 0.38783016174577 0.375567855801557 0.373032177060555 0.34482345959151 0.353488122932286 0.370044919684516 0.319857167085546 0.255159142807734 0.286337819940283 0.264850895228515 0.300009237680627 0.257179181412382 0.313594586377632 0.332185723446828 0.340274726600049 0.334937856381058 0.34506698400325 0.341683700404752 0.394574177363708 0.430789805640367 0.460366860570955 0.445041667805982 0.429416843700143 0.436454408756477 0.291941040948658 0.275728298306736 0.327024074297787 0.265109687019345 0.293533955774377
0.454011468561459 0.455682924760499 0.48844661642699 0.56124213965073 0.574576297819028 0.55213908152196 0.569355342078246 0.41741333910769 0.518925489883601 0.568757216478563 0.528211776853114 0.521213094605476 0.473296817065828 0.449450690539713 0.41369594505445 0.398265332608882 0.400915203261564 0.35298665607775 0.38339719522464 0.32419230553236 0.283928602755124 0.282364576537224 0.244613203853917 0.271086150136105 0.276885965727057 0.292827103713073 0.272401622594707 0.332656813301823 0.317969809570035 0.334808758055806 0.407015235677862 0.343321919955671 0.318293183131215 0.379835468302302 0.397029029271652 0.409020251189595 0.345155466936825 0.358388277026453 0.337023264263142 0.341692196197458 0.333605829813646 0.231391780173508 0.221109099825477
0.418295244558771 0.501370237172289 0.479426214816222 0.516848631353429 0.547743806807665 0.511313998501879 0.401231791845411 0.416908321280868 0.54817019745484 0.539239214292612 0.538167383380613 0.5076624922604 0.466140944953134 0.443752797216275 0.43124983780454 0.408908696047325 0.406034470909641 0.386806145177068 0.348820339375657 0.372495879326952 0.330556021000702 0.302037953149104 0.271688390880468 0.261451216824723 0.315186948326594 0.257355084150194 0.228369510023611 0.287320349538604 0.310692749440315 0.359671023450121 0.375603177621518 0.37007823120393 0.329629375452335 0.319077375908135 0.246997711151593 0.301620131886742 0.38656755429011 0.368147376417492 0.307697985345741 0.212196500817608 0.210819455979823 0.231416682067146 0.207916895111076
