sesion_7_reto_final/reto_final/Futuro2050/modelo_enebrales2050.asc
NCOLS 708 
NROWS 329 
XLLCORNER -7.525 
YLLCORNER 35.991667 
CELLSIZE 0.008333 
NODATA_value -9999 
[rows 190 to 208 of 329, columns 129 to 171 of 708]
0.173213909704231 0.175938292391879 0.177718432788972 0.180390535958159 0.181804719726022 0.201899916065604 0.204676578271713 0.209707681688162 0.204202277458466 0.182322581385853 0.187353684802302 -0.0169963611265651 -0.0108641768641765 -0.0141674194019944 -0.0152685002479337 -0.0214383553656757 -0.0626965173713635 -0.0637975982173029 -0.0246893183850324 -0.0246893183850324 -0.016354972430765 -0.00185077135875578 0.0115523488673142 0.0115523488673142 -0.000749690512816481 -0.000749690512816481 -0.0398579703450869 -0.0492411176268323 0.0322786845755266 0.0590849250276665 -0.0738451963870935 -0.0738974759055548 -0.0727441155411541 -0.099550355993294 -0.108933503275039 -0.162545984179319 -0.1078324224291 -0.107780142910639 -0.0820749833044382 -0.0781072898785749 -0.0792083707245143 -0.106014611176654 -0.160728172926873
0.165458423600134 0.176621711278972 0.203688775134575 0.204263275648805 0.205886577490514 0.1817001606891 0.18452910241367 0.177974896856496 0.181852639908544 0.186831463806532 0.0484482176805371 -0.0124874787058852 -0.0157907212437032 -0.00971081649977586 -0.0118606986731931 -0.0140105808466106 -0.0687764221152909 -0.0202327154828138 -0.0213337963287531 -0.00903175694862246 -0.00908403646708376 -0.00903175694862246 -0.00903175694862246 0.00437136327744747 -0.00793067610268317 -0.00793067610268317 0.0333797654214659 0.207620328360375 -0.0191316346368744 -0.0325870343814056 -0.0716430346952148 -0.0716430346952148 -0.0799251011310209 -0.106731341583161 -0.20055318316565 -0.10557798121876 -0.115013408018967 -0.0882071675668268 -0.0882071675668268 -0.0748040473407569 -0.0759051281866963 -0.112094515920582 -0.0193737551840313
0.192582126310137 0.201490972778635 0.202065473292866 0.202535414770174 0.203162194802866 0.177926976673974 0.179654837552605 0.183532580604654 0.186309242810763 0.0479259966847677 0.0529048205827557 0.0485004971989984 0.0545804019429258 0.0513294389235691 0.0585104245134357 0.0428528630770259 -0.0654731795774729 -0.0273614215542192 -0.00578079392926576 -0.00572851441080446 -0.00682959525674387 -0.00682959525674387 -0.00682959525674387 -0.00572851441080446 -0.00572851441080446 -0.0459378750890143 0.0757390082730931 -0.0179782742724738 -0.00352635271892587 -0.0263126202267412 -0.0788240202850815 -0.0788240202850815 -0.0777229394391422 -0.144633981532569 -0.157040579949623 -0.112758966808627 -0.0860050058749482 -0.0860050058749482 -0.084903925029009 -0.0819850329306237 -0.0819850329306237 -0.0819850329306237 -0.118278979701432
0.191903066758984 0.199815391418465 0.198187730240817 0.197556590872186 0.180707998216022 0.182383579576192 0.0500802381941242 0.177504955379188 0.0462504153245976 0.0501281583766463 0.0551592617930957 0.051908298773739 0.0568348431532658 0.0546849609798484 0.0513294389235691 0.0451073042873658 -0.063218738367133 -0.0106550587903313 0.00164698058979938 0.188137303390378 -0.0129617795191326 -0.00467971308332647 -0.0180305537909351 -0.00462743356486517 -0.0168771934265345 0.023279887733214 -0.0397157404528111 -0.0252115393808018 -0.0241104585348625 -0.0241104585348625 -0.0766218585932029 -0.0766218585932029 -0.0755207777472636 -0.111657885962688 -0.110556805116748 -0.110609084635209 -0.0826494838186689 -0.0920849106188756 -0.0920849106188756 -0.0786817903928057 -0.0775807095468664 -0.0869638568286118 -0.113770097280752
0.162320164100734 0.169026848877354 0.175628974617051 0.175154673803803 0.0406491707298567 0.0423247520900268 0.0428992526042575 0.0456759148103668 0.0485048565349375 0.0535359599513869 0.047978276203229 0.0540581809471564 0.049653857563399 0.0568348431532658 -0.0268348412225105 -0.0424401231404592 -0.0475611769307231 -0.00845289709845267 0.00379686276321667 0.0563082628215571 0.0552071819756178 -0.0118084191547319 -0.0117561396362706 -0.0519655003144803 0.0161511816618086 0.0563082628215571 -0.0375135787609324 -0.0230093776889232 -0.0230093776889232 -0.0219082968429839 -0.0208072159970445 -0.0838028441830695 -0.0827017633371303 -0.0827017633371303 -0.081600682491191 -0.081600682491191 -0.0898827489269969 -0.0887816680810576 -0.0485723074028478 -0.0847094156182718 -0.0836083347723325 -0.0836606142907938 -0.119850002024679
0.164522325792613 0.171229010569232 0.168552548064107 0.177409115014143 0.0428513324217354 0.0434258329359661 0.0451536938145975 0.0468292751747675 0.0507592977452775 0.054584761278865 0.0502327174135689 0.055211541311557 -0.0285104225826806 -0.0224305178387532 -0.0246326795306319 -0.0402902409670418 0.0473094659792445 0.0462083851333052 0.0585104245134357 0.0574093436674964 0.191440545928196 -0.0230093776889232 0.00384914228167797 0.0306031032153565 0.191440545928196 -0.0353114170690538 -0.0219082968429839 -0.0208072159970445 -0.0208072159970445 -0.0197061351511052 -0.0291415619513118 -0.0279882015869112 -0.0804996016452516 -0.0804996016452516 -0.0887816680810576 -0.0876805872351183 -0.0876805872351183 -0.0463701457109691 -0.094861572824985 -0.0412490919207053 -0.0803573717529758 -0.0886394381887818 -0.0886394381887818
0.164574605311074 0.171229010569232 0.168552548064107 0.176308034168204 0.0418025310942573 0.0423770316084881 0.0440526129686582 0.0468292751747675 0.0507070182268162 0.054584761278865 0.0502327174135689 0.055211541311557 0.051908298773739 0.0590892843636056 -0.0235838782031538 -0.0257860398950325 0.0524305197695084 0.0607125862053144 0.0596115053593751 0.0585104245134357 0.0585104245134357 -0.0219082968429839 -0.0621176575211937 0.165735386321995 -0.0353114170690538 0.113223986263655 -0.0208072159970445 -0.0197061351511052 -0.0279882015869112 -0.0280404811053725 -0.0268871207409718 -0.0257860398950325 -0.0257860398950325 -0.0340681063308386 -0.0330193050033605 -0.0452690648650299 -0.0441157045006293 -0.0926594111331063 -0.0513489696089572 -0.0782074895795584 -0.0864372764969032 -0.0853361956509638 -0.0936182620867699
0.161219083254795 0.167873488512953 0.174632452808034 0.174158151994787 0.0489835166841241 0.0506590980442942 0.0523869589229254 0.0551113416105735 0.0496059373808769 0.0535359599513869 0.0501804378951076 0.055211541311557 0.051908298773739 0.0590370048451443 0.0568348431532658 0.0546326814613871 -8.08802888319637e-05 0.00820118614697396 0.0607125862053144 0.0596115053593751 -0.0208072159970445 -0.0208072159970445 0.00599902445509537 0.0462083851333052 0.167937548013874 0.181340668239944 0.0484105468251838 -0.0279882015869112 -0.0269394002594331 -0.0258383194134938 -0.0247372385675545 -0.0247372385675545 -0.0330193050033605 -0.0319182241574212 -0.0308171433114819 -0.0430669031731511 -0.0513489696089572 -0.0904049699227664 -0.0480457270711392 -0.0429246732808754 -0.041823592434936 -0.0501056588707421 -0.0892139387030126
0.162842385096504 0.170702430237524 0.178510195860083 0.177983615528374 0.178610395561066 0.0462547746605368 0.0490314368666461 0.0529091799186949 0.0567869229707436 0.0524348791054476 0.0573614234849744 0.0541104604656177 0.061239166537023 0.193068207105844 0.190866045413965 0.00102020055710733 -8.08802888319637e-05 0.00820118614697396 0.00710010530103466 0.00710010530103466 -0.0197061351511052 -0.059915495829315 0.0473094659792445 0.0473094659792445 0.0618136670512537 0.0618136670512537 0.187562802876147 -0.0134840005149019 -0.0123829196689626 -0.0247372385675545 -0.0235838782031538 -0.0319182241574212 -0.0308171433114819 -0.0297160624655425 0.0249974992846765 -0.0491990874355398 -0.088255087749349 -0.0469446462251999 -0.0552267126610059 -0.0396214307430574 -0.0479034971788634 -0.100414897237204 -0.0982127355453251
0.170597871200601 0.170123570387354 0.180133497701791 0.180760277734483 0.182488138613115 0.184215999491746 0.188041463025334 0.191919206077382 0.214321123145765 0.0584625043309137 0.0551592617930957 0.052957100101217 0.0869443261432237 0.0579359239992051 0.00212128140304663 0.00102020055710733 0.00930226699291337 0.00820118614697396 0.00820118614697396 0.00710010530103466 -0.00630301492503527 0.0473094659792445 0.0473094659792445 0.0618136670512537 0.0618136670512537 0.0535316006154478 0.0546326814613871 -0.0124351991874239 -0.0112818388230233 -0.0235838782031538 -0.0225350768756758 -0.0297160624655425 0.0384006195107464 0.0260985801306158 -0.0491468079170785 -0.0201384057730601 -0.0458435653792605 -0.0530245509691273 -0.038520349897118 -0.0363181882052394 -0.0982127355453251 -0.0960105738534465 -0.103191559443313
0.204058516910899 0.177879056491451 0.179606917370083 0.181334778248714 0.184163719973285 0.186940382179394 0.191971485595844 0.186413801847686 0.192493706591613 0.189190464053795 0.195270368797722 0.193068207105844 0.0579359239992051 0.0557337623073264 0.0104033478388527 0.00930226699291337 0.00820118614697396 0.00820118614697396 0.00710010530103466 0.00710010530103466 0.00710010530103466 0.0607125862053144 0.0618136670512537 -0.00520193407909597 -0.0134840005149019 -0.0123829196689626 -0.0112818388230233 -0.0112818388230233 -0.0090796771311446 -0.0225350768756758 0.0373518181832684 0.0384006195107464 0.0261508596490771 -0.0386625797893939 -0.0860529260574703 -0.0447424845333212 -0.0425926023599038 -0.0374192690511787 -0.0888295882635797 -0.0960105738534465 -0.0949094930075072 -0.102090478597374 -0.126694557357635
0.20856303999564 0.183380101385209 0.186313602146702 0.190191345198751 0.194121367769261 0.188615963539564 0.193594787437552 0.190291544899734 0.223177690095802 0.194169287951783 0.191967126259904 0.189764964568026 0.0640158287431324 0.00930226699291337 0.00820118614697396 0.00820118614697396 0.00710010530103466 0.00710010530103466 0.00710010530103466 0.00710010530103466 0.00710010530103466 0.0607125862053144 -0.00520193407909597 -0.00410085323315657 -0.0134840005149019 -0.0123829196689626 -0.0112818388230233 -0.0101807579770839 -0.0090796771311446 -0.0296637829470812 0.0384528990292077 0.039553979875147 0.0283007418224945 -0.0860529260574703 -0.0848995656930697 -0.082697404001191 -0.0898783895910578 -9999 -9999 -0.0926550517971672 -0.0904528901052885 -0.124492395665756 -0.0284683923913882
0.210865401388502 0.18788462446995 0.192863448367938 0.187462603175164 0.193594787437552 0.189190464053795 0.195270368797722 0.193068207105844 0.217672285866105 0.198047031003832 0.196945950157892 0.195844869311953 0.0607125862053144 0.00710010530103466 0.00599902445509537 0.00599902445509537 0.00599902445509537 0.00599902445509537 0.00594674493663407 0.00599902445509537 0.00710010530103466 0.0607125862053144 -0.00520193407909597 -0.00410085323315657 -0.0123829196689626 -0.0113341183414846 -0.0102330374955452 -0.0090796771311446 -0.00803087580366661 -0.0285627021011419 0.039553979875147 -0.0252594595633239 0.0306074625512958 -0.084951845211531 -0.082697404001191 -0.0805475218277737 -0.0877285074176404 -9999 -9999 -0.116158049711489 -0.123391314819817 -0.0274195910639102 -0.172651751858801
0.214268843627304 0.219090828969908 0.198469052298618 0.195270368797722 0.20135027354165 0.199148111849771 0.196945950157892 0.195844869311953 0.193642707620074 0.192541626774135 0.20192477405588 0.200823693209941 0.0667924909492418 0.0131800100449621 0.0131800100449621 0.0131800100449621 0.0131800100449621 0.00379686276321667 0.0585104245134357 0.0585104245134357 0.0595592258409138 0.0607125862053144 -0.00520193407909597 -0.00410085323315657 -0.00299977238721727 -0.0123829196689626 -0.0101807579770839 -0.0091319566496059 -0.0068775154392659 -0.015159581875072 0.0540581809471564 0.0563126221574963 -0.00453312385511145 -0.0692942837751211 -0.0805475218277737 -9999 -9999 -9999 -9999 -0.126362486436664 -0.0932818318298592 -0.184849232202009 -0.137368935560118
0.22590207278345 0.232926219817933 0.229675256798576 0.201820215018958 0.199670332845541 0.198673811036524 0.197520450672123 0.197520450672123 0.197520450672123 0.223225610278324 0.196419369826184 0.197520450672123 0.0634892484114238 0.0634369688929625 0.00987676750714406 0.0109778483530835 0.0110301278715448 0.0120789291990228 0.0667402114307805 0.0574093436674964 0.0852643854471143 -0.00740409577097456 -0.00630301492503527 -0.00520193407909597 0.0629147478971931 0.0545804019429258 -0.0101807579770839 -0.00797859628520531 -0.0068252359208046 0.0530093796196783 0.055211541311557 0.00380122209915593 -0.00233096216323275 -0.000128800471354162 -0.105099321069574 -9999 -9999 -9999 -9999 -0.176619445284664 -0.130187949970251 -0.126884707432433 -0.1340656930223
0.239789743149936 0.170310582735401 0.209523421604594 0.208474620277116 0.208526899795577 0.208579179314039 0.208579179314039 0.199196032032293 0.227051073811911 0.200244833359771 0.201398193724172 0.201398193724172 0.202394715533189 0.203495796379128 0.195318288980245 0.195370568498706 0.196419369826184 0.197520450672123 0.0913965697095031 0.0924976505554424 0.0667924909492418 -0.00850517661691397 -0.00740409577097456 0.0618136670512537 0.0629670274156544 0.0546849609798484 0.0568348431532658 -0.00797859628520531 0.0612914460554843 0.0540581809471564 0.056260342639035 0.00595110427257323 -0.00122988131729346 -9999 -9999 -9999 -9999 -0.112907086692132 -0.109603844154314 -0.119703721842566 -0.126884707432433 -0.0967752244424751 -0.102855129186402
0.253625133997961 0.226609775471976 0.226662054990437 0.216282385899675 0.217435746264075 0.209153679828269 0.209153679828269 0.211303562001687 0.203021495565881 0.204174855930281 0.23208217722836 0.207478098468099 0.199196032032293 0.200297112878233 0.201450473242633 0.202499274570111 0.203600355416051 0.195318288980245 0.196419369826184 0.0645903292573632 0.0656914101033025 0.0667924909492418 0.0585104245134357 0.0596637848778364 0.0885676279849323 0.090769789676811 0.0568871226717271 0.0590370048451443 0.061239166537023 0.0551592617930957 0.0573614234849744 0.00705218511851263 -7.65209528928646e-05 -9999 -9999 -9999 -9999 -0.109603844154314 -0.0794943611643565 -0.0989773861343538 -0.0956741435965358 -0.0923709010587178 -0.0983985262841839
0.266639235402556 0.230345288631748 0.261223781546674 0.226240033695651 0.227393394060052 0.219059048105784 0.211930342034379 0.214132503726257 0.206951518136391 0.209153679828269 0.200871613392463 0.203073775084342 0.204174855930281 0.2331832580743 0.198147230704815 0.200297112878233 0.201398193724172 0.203600355416051 0.195318288980245 0.0891944080176244 0.0645903292573632 0.199722612364002 0.191492825446657 0.0596637848778364 0.061865946569715 0.0629147478971931 0.0568348431532658 0.0590370048451443 0.061239166537023 0.0551592617930957 0.00374894258069464 0.00705218511851263 -0.0660433207557644 -9999 -9999 -0.157188699833128 -0.100220696872569 -0.0794943611643565 -0.0761911186265385 -0.0945730627505965 -0.0912698202127785 -0.0879665776749605 -0.0537848422222168
0.191351508117467 0.213738816522742 0.253810615690717 0.237298762337566 0.229068975420221 0.221887989830355 0.214707004240488 0.217957967259845 0.210829261188439 0.213031422880318 0.206951518136391 0.235959920280409 0.201972694238403 0.203073775084342 0.205328216294682 0.207478098468099 0.226002272484433 0.201398193724172 0.0684680723094119 0.194217208134305 0.0623881675654845 0.197520450672123 0.199722612364002 0.192541626774135 0.0607125862053144 0.196945950157892 0.189764964568026 0.0579359239992051 -0.0191795548193965 -0.0397636606353332 -0.0900728990017949 -0.0856685756180376 -0.0782930806174337 -9999 -9999 -0.114724897944578 -0.110372854079282 -0.0884931580066692 -0.0840888346229118 -0.0901687393668392 -0.045555055304872 -0.0516349600487994 -0.0884887986707299
