sesion_7_reto_final/reto_final/modelo_enebrales2040.asc
NCOLS 708 
NROWS 329 
XLLCORNER -7.525 
YLLCORNER 35.991667 
CELLSIZE 0.008333 
NODATA_value -9999 
[rows 152 to 170 of 329, columns 172 to 214 of 708]
0.0511287737132476 0.0753917978374458 -0.0118565438445717 -0.101068703497486 -0.168856870730216 -0.1191337135421 -0.192785799750702 -0.197349978575369 -0.269128654323207 -0.354792905266664 -0.125707366270532 -0.0706243814094607 -0.064521767779102 -0.281600991726589 -0.360311338380345 -0.325301956916292 -0.15263307568864 -0.189101327073556 -0.212268516197714 -0.27130807681769 -0.0715321230184887 -0.101903610459256 -0.287345515766731 -0.245699632805175 -0.05007916697695 -0.19061662413986 -0.05093628351826 -0.0514642978949509 -0.0239029023410865 -0.0524009793210897 -0.0403200923267087 0.0124410325817363 0.00820597972593136 0.0091824673987278 -0.080716836400535 -0.0746481555263803 -0.0645889661371173 -0.0134119319672322 -0.0123052543418888 -0.0185439314152483 -0.0191515344810114 -0.0818872909547971 -0.0883248802402287
0.0236578094737589 -0.0100916142815037 -0.0717713181976641 -0.0790660478286488 -0.0847260616533559 -0.146246635799859 -0.220018069335704 -0.124594815154735 -0.266358321074475 -0.322258663838685 -0.182169656167637 -0.356331340072356 -0.342366199991907 -0.342326417549493 -0.326754977150944 -0.210492243484654 -0.248913470215162 -0.197661864099542 -0.362831253797926 -0.121977237660518 -0.118349764066232 -0.0666049092729986 -0.236946057057571 -0.153325188969838 -0.292846376017537 -0.150395702147205 -0.135942306328237 -0.0514245154525365 -0.0500393369260489 -0.0495112987451146 -0.0496414886976614 0.00409612388357996 0.000797776258157135 0.00400571637344752 0.00478329183417192 -0.0243621706540088 -0.0559597068516063 -0.0757837729688343 -0.0614895307237665 -0.068943390124409 -0.0686938528446188 -0.0212238571538477 -0.0273829693423784
-0.113859777160629 -0.1211147243492 -0.0745814338888104 -0.0791456127134776 -0.0845271494412839 -0.174733870154558 -0.277173376869611 -0.138758867447256 -0.125451955500288 -0.200403781860095 -0.198570153841745 -0.133631884742576 -0.173966304376264 -0.142277503921416 -0.210735598660048 -0.216248182087519 -0.231933452545285 -0.119814507477549 -0.357818625481397 -0.117861532131956 -0.123073072660557 -0.231524761691593 -0.0936382666459287 -0.121120073510721 -0.260720825443249 -0.181255445326493 -0.136918794001033 -0.133660205013781 -0.0752788487230436 -0.0664167444692567 -0.0790762709080468 -0.0305841316116108 -0.0337631319097905 -0.0158124762533267 -0.0158920411381555 -0.0169480936957809 -0.105541807657628 -0.0542852086029142 -0.0549325941110917 -0.00730346865066291 -0.00799063660125498 -0.0162618539050363 -0.0747625575230171
-0.0337470353399387 -0.0672975468831293 -0.157804453748155 -0.169703144646222 -0.233296041465561 -0.156062137595542 -0.310025877836906 -0.128659895615578 -0.100331791030536 -0.0334007641433602 -0.142550463750292 -0.159847884212367 -0.178978932692793 -0.312102336701718 -0.264921660733152 -0.346561470405298 -0.104049672134954 -0.127012956107947 -0.30989430680831 -0.331801538223678 -0.288112272406396 -0.124208690103012 -0.159586956174098 -0.145133560355129 -0.347640041156404 -0.329360259531078 -0.108908948955306 -0.10377694950729 -0.135414244343059 -0.144826048224144 -0.0735753868529974 -0.0871716185221696 -0.0674668997321847 -0.0723999631638854 -0.071622387703161 -0.130571540813004 0.0145300951745734 0.00813228833155629 -0.046621594364896 -0.057543797590166 -0.00217149300689033 -0.0611712949886947 -0.0856391048154188
-0.114159939508137 -0.152643514483028 -0.21373734819252 -0.228464228169296 -0.0999737252445634 -0.105782026213624 -0.324445340899671 -0.136312667228293 -0.134041432343385 -0.130095699209784 -0.299414727192935 -0.338619379070379 -0.369921722055318 -0.312885761848653 -0.237735023276774 -0.345584982732501 -0.356217842431323 -0.303207180243088 -0.312823769826699 -0.312704422499456 -0.319829155931236 -0.147046777062551 -0.14060918777712 -0.223991337406122 -0.214630134788512 -0.133291344210991 -0.275134391211317 -0.135982064966408 -0.171530303432455 -0.118360487670319 -0.185904086758109 -0.0874211558019597 -0.0669786439936648 -0.0714126090615418 -0.0634705177266228 -0.00846709775038043 0.0141612105675401 0.0186349580778315 0.0161539445513041 -0.0507879487654192 -0.111480322383479 -0.0036362364182068 -0.0648277084000905
-0.0323365526636274 -0.122178000632912 -0.134036909088564 -0.0896265901729729 -0.191449889020126 -0.111413100221221 -0.329089084609167 -0.222789283135796 -0.142591126744067 -0.0816492158462164 -0.222021693553258 -0.188272269797996 -0.184406101549224 -0.322741046086751 -0.239568651295124 -0.24848723030284 -0.392323058895416 -0.360941151025648 -0.2796819491372 -0.316530808305813 -0.17464795505883 -0.226920824228755 -0.253539641061784 -0.159285913275229 -0.178757763292695 -0.132394421423024 -0.258319352997307 -0.130940496832767 -0.159847240862218 -0.090719527231626 -0.171331343611897 -0.0720310547526087 -0.0173567369409852 -0.0137690457891144 0.0141214519293691 0.0191340802458985 0.0440336234487274 0.0432668906133065 -0.0419091283958748 -0.047160475171134 -0.109567129480301 -0.0528096701747808 -0.00473209522248981
-0.167412908213902 -0.225004465342562 -0.182279487300967 -0.167582427692662 -0.212141938108211 -0.0804218098175803 -0.24246506210867 -0.229505349518129 -0.242175742386466 -0.21433002004949 -0.250366514254058 -0.27181942268711 -0.259273370085109 -0.3403734422039 -0.208226525867771 -0.210099936328535 -0.268770612341477 -0.378533764700382 -0.325602667396976 -0.375161701876341 -0.318563348536235 -0.355815025068086 -0.292261910691161 -0.288963539261495 -0.312704374890969 -0.320527095094402 -0.304330478767216 -0.135215332130987 -0.176253588222537 -0.0800129523341855 -0.138802951870127 -0.037390557895589 -0.0388950599450765 -0.091327058884659 -0.082368697434529 -0.029358035246294 -0.0127527756739035 -0.0642083107449329 -0.0953971798930826 -0.101505667013895 -0.10142612593331 -0.194334481440034 -0.299652826105759
-0.0866021558173164 -0.287689572944387 -0.106828562577336 -0.19981648296889 -0.215111183569015 -0.149294945620803 -0.311786671207998 -0.284265081900792 -0.190919143331752 -0.261107878654819 -0.198212992411376 -0.304433228999918 -0.299709920405593 -0.156969926813057 -0.156033221582675 -0.213767192365235 -0.301503765981529 -0.284325692846696 -0.231155900888803 -0.37992479291308 -0.210111659505199 -0.0584589365911577 -0.155965356070267 -0.179700342013531 -0.306561978818196 -0.34060069849142 -0.128215819516904 -0.13322842402919 -0.146415964844671 -0.089459545718592 -0.091054455278212 -0.123747802671606 -0.068216344514429 -0.0495278958396552 -0.0411084151957633 -0.0932510944131413 -0.0729677361787474 -0.0654343356975196 -0.0431749357908759 -0.156270392335651 -0.218149032268127 -0.132665643953421 -0.080353016145325
-0.0642414581667498 -0.238613777460205 -0.0839289841205314 -0.150921526309216 -0.0764868955050401 -0.176906966242385 -0.313041635977696 -0.225475058560606 -0.232116552997203 -0.268890840220081 -0.227278890014728 -0.192234719047354 -0.188607245453069 -0.186853182319548 -0.298932344944869 -0.272716345475077 -0.221380181535535 -0.281186474990931 -0.234823156925503 -0.375769304942104 -0.241709195702797 -0.230185262902217 -0.333760363255481 -0.286454466469218 -0.146086957897025 -0.179966547800592 -0.107211360575714 -0.111525954512104 -0.158513544150566 -0.09427911150926 -0.103157884270318 -0.156861540291112 -0.142249014702485 -0.186540010095077 -0.170059090789023 -0.101005116161292 -0.0820562875814243 -0.0791666308096925 -0.0996141593613239 -0.116707698476478 -0.0677223581109155 -0.0643444694049072 -0.0969185170795445
-0.0680569775435599 -0.244841588104017 -0.170320161652752 -0.150910659879669 -0.188077802391841 -0.288349585984833 -0.167466222544189 -0.308936773074438 -0.308692228733741 -0.346363438744586 -0.16434422132887 -0.272358303493348 -0.17773569109976 -0.177974385754247 -0.206881153587941 -0.266687447043337 -0.299301253356145 -0.311847305958146 -0.427633507062581 -0.436552086070297 -0.385505241852959 -0.429024511471036 -0.378187422091074 -0.240948288749343 -0.238955507157092 -0.20817530505839 -0.184320924179396 -0.174391900938437 -0.192393157858376 -0.177417573544683 -0.19423843764066 -0.195402446767049 -0.211615731601506 -0.166863706793271 -0.164201021499361 -0.0864888715732518 -0.0698329869331431 -0.134067419574449 -0.140687228760439 -0.0480682643886488 -0.102901735774173 -0.109384980992473 -0.104990822171254
-0.146824323280177 -0.181089561515021 -0.162906084694524 -0.166942249142501 -0.183604031077306 -0.191904188198199 -0.291432329086669 -0.265979426785012 -0.197543897848348 -0.242254426719934 -0.168085168759945 -0.102090847103151 -0.325431814450654 -0.173290859602336 -0.176759203426964 -0.1827772592334 -0.160308080685137 -0.221868437274055 -0.171429196122479 -0.376416690450282 -0.241419875980592 -0.251803174595381 -0.439049768104095 -0.440843589875787 -0.383807605864879 -0.24783427991815 -0.186234117082575 -0.21726380885258 -0.229321581911818 -0.179370548890276 -0.211019543098465 -0.240153614828167 -0.284183682182489 -0.168464489843344 -0.140005338558638 -0.262745443952775 -0.168083072921016 -0.101266424226233 -0.189559975840572 -0.152461603196412 -0.16688109006342 -0.351664290516969 -0.341121885936766
-0.058270391760744 -0.227781981745067 -0.238045956836856 -0.0545737429907315 -0.0599046546508197 -0.256053158659979 -0.286482525734968 -0.195335487928267 -0.0518685677469679 -0.315645228667838 -0.292562597367602 -0.244365651283824 -0.316024979704419 -0.222872960408358 -0.229390114578618 -0.200772690271372 -0.110192092011971 -0.165882679938805 -0.17096403051486 -0.256866976112804 -0.186808430742283 -0.191787126302609 -0.233200140491646 -0.150924644683744 -0.150765491109843 -0.349774688269379 -0.233789551148629 -0.152081852159832 -0.114960341776285 -0.169969587634494 -0.233692650602137 -0.19523161762497 -0.273748045005748 -0.34117731350963 -0.18133296198088 -0.202945023987833 -0.174237192170454 -0.184211847540038 -0.30935425832299 -0.332340131902195 -0.452770432938555 -0.375536552872779 -0.207653019869893
-0.0537857778209055 -0.0316226351106047 -0.182434933794851 -0.107135931882861 -0.101056408383403 -0.185932241240832 -0.180868987856585 -0.259535083457766 -0.0260892945923744 0.0171067225472946 -0.208487406297553 -0.316138453541208 -0.22173146947545 -0.242412675938231 -0.166893052759319 -0.140347951124909 -0.0807464433720383 -0.101541147475852 -0.175585208422388 -0.169556309990647 -0.263293698968688 -0.219377437869341 -0.290673707564869 -0.2381223374938 -0.294680884587248 -0.299812836426777 -0.266801181885581 -0.157702083542124 -0.154812379161906 -0.158848496001396 -0.253033477724181 -0.199386272653072 -0.116145155601921 -0.0941533663626306 -0.0366291742216897 -0.130922684450659 -0.329512395739687 -0.289217782352658 -0.309904862305893 -0.197428755807788 -0.233113962072441 -0.247649160599405 -0.291640017448732
-0.00375520371877809 -0.0919967253851063 -0.195997232707819 -0.047239207113089 -0.149871776354004 -0.228480016125206 -0.166181890322223 -0.242793736638131 -0.0169717795683434 0.0242314797833182 -0.0493012590980405 -0.0249188876465991 -0.297370439981605 -0.15084971651558 -0.161312603819441 -0.256701949048449 -0.301237512585981 -0.218792068187361 -0.355503163348157 -0.253120155191276 -0.136000281179432 -0.0558536066025373 -0.261987560998097 -0.125544076504655 -0.149006435037229 -0.26158467222213 -0.356450948405054 -0.352186931927895 -0.272493699781956 -0.298033373926459 -0.0791552876597 -0.1637924020584 -0.168208293738713 -0.179318542746508 -0.337596900728506 -0.210581983840394 -0.164348879531756 -0.0809038811336823 -0.180698275417701 -0.203218983389286 -0.191259705349558 -0.237613061341043 -0.296562238255129
-0.0219097645264072 -0.0170440422781821 -0.168821962205677 -0.135083404879962 -0.134714520272929 -0.207543398892181 -0.150717217327136 -0.177576966637818 -0.158689629555215 -0.0283704915512257 -0.144735355904313 -0.207272200166027 -0.0886817568608994 -0.182197691629144 -0.332590456834395 -0.288010141719599 -0.108427162448903 -0.311552112745488 -0.325034870577871 -0.187018185579659 -0.171923277742966 -0.0858670520615751 -0.0931617578883165 -0.127070287608993 -0.0783850857866958 -0.165741884562166 -0.166479653776233 -0.305154543103682 -0.298568666673897 -0.242053490081663 -0.245919634526192 -0.310449212771669 -0.0925186981648396 -0.192466348728062 -0.263024849209523 -0.116583690628327 -0.0708677580710763 -0.0582249477480437 -0.159892752492826 -0.178684712930446 -0.196568907954795 -0.236267689061213 -0.297459161043097
0.012526803375204 -0.000302719262790872 -0.0668359217258231 -0.146670186449613 -0.0592229563597663 -0.13909700352597 -0.0814534640577862 -0.167642117514891 -0.136214577516499 -0.100557834348511 -0.125229549326401 -0.132524278957385 -0.0570046557784731 -0.262599753172039 -0.188714845799404 -0.14323760789664 -0.340856681199083 -0.277967668446093 -0.136260661084525 -0.144980327880169 -0.23468071946736 -0.231399064153451 -0.0937512637622726 -0.156248301777329 -0.128744762053442 -0.137652474631611 -0.0792711183408731 -0.0242893836152379 -0.311082167595743 -0.219432412526003 -0.227663823583127 -0.175640491692992 -0.17925709885773 -0.158831303165192 -0.254032578807433 -0.119484237633849 -0.0740069997310849 -0.0879382308595733 -0.180863302482055 -0.181303147171781 -0.199379023645942 -0.233258661157994 -0.355283539335789
-0.0412505916484519 -0.0951581766246545 -0.0948399170853393 -0.181918262568152 -0.0927965342296137 -0.065614913516573 0.0194526007906687 -0.234538354898746 -0.0521054774944896 -0.00158667145808566 -0.0270757443391139 -0.0896125886008277 -0.0219554918720055 -0.0865646588065555 -0.179921463805142 -0.159325695717644 -0.300646601831732 -0.129714567097154 -0.0928426416018839 -0.12953237100084 -0.136497974662962 -0.228878268184509 -0.149622666709372 -0.213454234378954 -0.160273575991514 -0.107552233525484 -0.258785399156287 -0.254765950824069 -0.310774774485975 -0.118662434924792 -0.234727089321885 -0.180193827892355 -0.200466343501446 -0.27456687920191 -0.257808339546072 -0.207907979200735 -0.140008552150139 -0.239962076203815 -0.197913399683264 -0.267285657654554 -0.279065001225377 -0.286359730856362 -0.238651040511104
-0.0966627024783854 -0.0378726791382001 -0.0945505973631348 -0.0953679552662736 -0.180612672730737 -0.120206030776081 -0.138655784796368 -0.108204732470772 -0.0478704246386847 -0.0244247584176252 0.0260542651763643 0.0956245548083651 -0.079928157309052 -0.185297127042495 -0.214538870531262 -0.304228419493149 -0.192285320310829 -0.111644564113447 -0.0951247191120959 -0.132212272935196 -0.138899399500417 -0.227981345396541 -0.154414673758979 -0.211779736130262 -0.131945471406473 -0.202816357936795 -0.234403027704846 -0.16564422248553 -0.257087810776695 -0.145576444970479 -0.107359123391136 -0.11294677928903 -0.188562683468529 -0.254698061507417 -0.123129808419941 -0.16276707422485 -0.229987444638474 -0.239354496942295 -0.311048614866211 -0.262045177308842 -0.213399781733202 -0.227699897468724 -0.233240563966187
-0.153846949829404 -0.0421873206830773 -0.0372650998766804 -0.150819848538622 -0.123117420406907 -0.0584128530231308 -0.195084165741513 -0.0497836175418632 -0.0464057050316115 -0.0229998212529666 0.0205135986789004 -0.00799035179155658 -0.223843550786457 -0.296355026613512 -0.356501288663074 -0.368490387071273 -0.24884389120852 0.020343222453024 -0.132490750032097 -0.190781675008458 -0.251336604107468 -0.23480589267657 -0.154812498183123 -0.213114265784788 -0.299306531104937 -0.25949427616173 -0.164877513454353 -0.194749902531297 -0.0913614668845083 -0.0904356042794298 -0.0958460570201034 -0.161319571258223 -0.144061933238562 -0.200819416348325 -0.265678120562666 -0.219553497151724 -0.174087101874264 -0.189942368531235 -0.193649407010349 -0.206593284036494 -0.266898675855713 -0.300449187398904 -0.283111984494414
