sesion_7_reto_final/reto_final/modelo_enebrales2030.asc
NCOLS 708 
NROWS 329 
XLLCORNER -7.525 
YLLCORNER 35.991667 
CELLSIZE 0.008333 
NODATA_value -9999 
[rows 114 to 132 of 329, columns 86 to 128 of 708]
0.064761150680747 0.174388239596651 0.174417179413762 0.203779627501579 0.20763271530188 0.0893185112704863 0.270463872224891 0.269816486716714 0.277516247729859 0.258895164042804 0.20505991318917 0.211721695032254 0.266211578924397 0.30711467592855 0.31227556758519 0.183311311018771 0.325074816938511 0.372890630909659 0.385150999456742 0.290266626082011 0.35335678887024 0.369512201106648 0.270536069081373 0.260149175371611 0.345032215187057 0.336735717537695 0.25743446012969 0.325256560118624 0.200286383358043 0.197382224489477 0.261741854144237 0.332157019848123 0.340059352544871 0.335932821159077 0.336207703161005 0.283913124936229 0.268261310514221 0.218133057567387 0.22706973376691 0.372182236184034 0.301759799145573 0.395052874823728 0.327024655664706
0.241669197151937 0.23318822501078 0.264123897407609 0.258094998975869 0.219492076673734 0.297228714574864 0.227418849737016 0.236941396143208 0.246174599022951 0.225011010312104 0.235079685054864 0.183696507910647 0.1021262534409 0.288018869867648 0.290807276503943 0.296962793597501 0.266092183988667 0.306644510345664 0.363415097708142 0.336394820783682 0.292205123135014 0.233753670544874 0.274946111075475 0.140755811883621 0.133529804512161 0.12956236232371 0.128028920457112 0.126694390802586 0.200951842253784 0.206912042230243 0.268240934926933 0.286824473994741 0.22193186082844 0.277163109029622 0.165669880987527 0.199615979131695 0.209460420744489 0.188195581898205 0.27949813761152 0.369726567379645 0.315960038785536 0.401164973807585 0.330283220847715
0.246471166275487 0.241078786922377 0.237917860011761 0.200432481764517 0.193380082455305 0.169076395337332 0.0163328541665874 0.20107896291709 0.214778706349109 0.224832902799279 0.208761507289789 0.16222098606714 0.141552860052829 0.15076798954501 0.021000836599972 0.234783086961913 0.241126673642239 0.281523441520309 0.341523637480613 0.319060332422804 0.329284525072179 0.337693163090767 0.269439329725729 0.326345099979846 0.273891391985413 0.124781197899407 0.250445749568597 0.27650261926873 0.190509266160654 0.206166977877358 0.209646188131533 0.280477316023685 0.216355047555849 0.165655402694936 0.344352325607212 0.289146398323924 0.260717019799203 0.266785724477601 0.276369762381058 0.390282553024729 0.388589981388473 0.395078195741623 0.380096785545963
0.110674186738861 0.219115033144593 0.19369468252309 0.183839398284993 0.258125765749058 0.149416428124612 0.00986630125980167 0.183654083814151 0.193386385057718 0.210265128787916 0.0464628204242118 0.145899148922257 0.133252679127694 -0.00559223020320347 0.162618762882798 0.210888043089144 0.217535411016195 0.28394068515409 0.292877361353613 0.350653352401754 0.310007903991011 0.314875904634717 0.323906624011659 0.242535305558228 0.249302020812522 0.313950970189486 0.148741798048687 0.200736190121711 0.203275059478216 0.318475390375983 0.320837032771023 0.33149162532894 0.283222345122593 0.337516911897636 0.335997883947071 0.288669009014952 0.342565727561607 0.353256466894651 0.386890138417643 0.392441671344654 0.396221043946337 0.444848366134413 0.442338436595018
0.0675504799175174 0.178360199480551 0.182125093789643 0.257076920149449 0.245022735149012 0.235200002591069 0.179003109342395 0.182814993051918 0.186558178306159 0.0797918301491189 0.0893794799156194 0.037197018255827 0.110873027538203 0.139848493827179 0.12808365235319 0.190783262051848 0.19098217426392 0.0957383848675827 0.243639293921003 0.316259274449997 0.326544958596636 0.271064149311421 0.254594953182031 0.197959079026921 0.215810698566872 0.200171060237731 0.0933794317351107 0.0556323163109669 0.0637371325105165 0.218187771218594 0.214979831103304 0.243260922483672 0.28875851216948 0.288588539774519 0.247914175350909 0.214613201087508 0.307763886916006 0.368651537078852 0.382463380307783 0.392347604362991 0.447958627404997 0.452533648854968 0.442450512587687
0.136531239871319 0.249753250701354 0.248816545470972 0.244114945931498 0.238595988488885 0.239406115629763 0.176540169203431 0.185035579064864 0.183440645701001 0.158052846759652 0.0162604010228016 0.157217391664706 0.162689335902645 0.168060006200904 0.165709206431167 0.164577224656 0.168269784842523 0.18472901889797 0.218080618229089 0.226492891914964 0.282812768158169 0.284612487224558 0.220435958021717 -0.0166472903161459 -0.0111753222739639 0.227612244681062 -0.0172322561672109 -0.0239171449092658 0.167266600735155 0.175932006795794 0.0192038306003948 0.27231954875245 0.298805484893562 0.235512750421732 0.241436803623063 0.237313867332241 0.293872438229932 0.361132591085971 0.376640641618445 0.38113969327856 0.442432439200124 0.435448738346194 0.407739079452219
0.131995977059519 0.240755083004566 0.239261423580382 0.242143873394098 0.240013694891283 0.237760533393939 0.191889066162004 0.183599775470659 0.188427929295393 0.145029381044435 0.0950675292018332 0.0967962881855305 0.0895051942218328 0.0954328187138935 0.0875413524466926 0.144277126501605 0.150277108920478 0.153821381962648 0.190561760233565 0.194337497167961 0.20533926527806 0.271991838872578 0.0591281965492125 -0.0736949975037179 -0.036057696444833 -0.0759942678501329 0.0163173510203755 -0.097340005048808 0.0588791345130677 -0.038664829585289 0.176243059377092 0.238635211589425 0.213173745057945 0.21730752397407 0.220352763028973 0.246698952451312 0.299355208325104 0.353360472146013 0.351125384036233 0.353852299175263 0.387366663943326 0.389305160996328 0.390513112561351
0.109759619675288 0.226442743567691 0.239482021043062 0.23645491975228 0.237084231872894 0.18019653500634 0.190192899430775 0.190623234962759 0.179082626618737 0.153633359984366 0.151738240468751 0.158732783947984 0.154302366366594 0.106702180723276 0.097826996021018 0.093251974571047 0.0909554355363151 0.148761740441444 0.144497747768528 0.151890115671905 0.156602557836683 0.16985385177684 0.154719209106219 -0.089062032226412 -0.0690910362366362 -0.091889316949518 -0.0996099064661536 -0.106392433480601 0.0775327698802769 -0.0519342207172524 -0.0140112117992067 0.172033327439182 0.193560831622213 0.280263061735732 0.286527019154672 0.291539671275445 0.294353358257321 0.348304361343225 0.340206792674006 0.34183066585498 0.342720317308374 0.352022330628443 0.351693204659581
0.0145461203316951 0.192743944880147 0.238657456181906 0.242425986158285 0.197502066782036 0.198127743235363 0.119734251240629 0.194395400606426 0.187907162449033 0.129745053385341 0.194587041483923 0.193820308648503 0.16275081063184 0.162450624480088 0.165340305056063 0.158852090702914 0.0994146818545507 0.143481437081003 0.146259041664309 0.139832295004181 0.0437169037377703 -6.27103147246436e-06 0.0954192209726634 0.115585493507224 -0.0122395505217673 -0.0804933600825622 -0.0681968447603516 0.0128186933387603 0.0723103629221284 0.222923749394302 0.175641823290299 0.0990263651113473 0.206945046826599 0.214337414729976 0.244321944176147 0.23988074834601 0.275959262816159 0.308316301086917 0.299925736455892 0.163149578507102 0.229773171712196 0.344308003141906 0.345671472613543
0.192302702346301 0.203687857160268 0.188793218807453 0.20133565954641 0.208876314594142 0.211874499872056 0.185897195056751 0.113442193983625 0.182381838027449 0.179054550584916 0.172038298050832 0.193574407036 0.193563540606453 0.184644961598737 0.186876414041231 0.161835814456308 0.102893892108725 0.0989300855875611 0.153528450377399 0.16077616680371 0.0776109789700998 0.139435374935641 0.0234438708359205 0.0401671442679916 0.0864961242695 -0.0659256336796866 0.0831941171725468 0.0588985413681941 0.0672891059992187 0.0694591075167615 0.0207413778185529 0.147489564590673 0.163953791585213 0.195330706515887 0.256583646190793 0.248435411881542 0.111572417713348 0.15241178539707 0.144382898415062 0.232857265049666 0.24036177332227 0.249045276574715 0.249461174386423
0.186283289268059 0.184789629843875 0.120533511951961 0.13607777363612 0.206677413831802 0.118834597140979 0.126306529929185 0.0685327767042104 0.0547195356311591 0.060735353614429 0.175578975998028 0.169163095767447 0.168913558487657 0.19835920712759 0.193795028302922 0.103356843697422 0.107667849575012 0.0519555525933265 -0.0255749017611569 -0.10517047183046 0.102496948235942 -0.0887076021077261 0.0196147537178803 0.0368371255137749 -0.0512674759624352 0.0384618792461097 0.0599256541087086 -0.0139700958892295 -0.00659216570612881 -0.111503176789968 -0.0789508619744251 -0.0444347053837417 0.114321041907229 0.117471126192542 0.0502326823913537 -0.0392362453036108 0.188140862687626 0.224025457884796 0.223211735648944 0.137099035213624 0.142918178807989 0.138364866412868 0.226329292058345
0.191288710626571 0.126146536376237 0.121486957102344 0.0976398307898537 0.100178700146359 0.125561506148615 0.0721313104813849 0.19566568364776 0.12661032794398 0.136412749291193 0.0593718841427921 0.0732863991555229 0.0589921569104551 0.127382053718494 0.120058408074642 0.105076997878982 0.0985887835258324 0.0851805976391851 -0.0139438215304441 0.0202034266489625 0.119288943927538 0.0187902126609681 0.103053449513542 0.121780323358924 0.0937148603063857 0.130672224176939 0.0333068610799235 0.0314393241096131 0.0388534010678412 -0.043678838977868 -0.0408470142318709 0.100034006620178 0.0333764638908092 0.198524144534344 0.164272027320284 0.212696801629001 0.155758544071287 0.278750400764137 0.275748603623179 0.200974004224837 0.165550082220882 0.194927032405533 0.217439629063497
0.200236229451398 0.17587193138752 0.102482486711422 0.0760856484171222 0.0523795784867257 0.144438000605914 0.0771258654103507 0.141750867909298 0.0748908178728839 0.0690391225983647 0.0887727812054602 0.201506536296976 0.144152316550996 0.14394256171362 0.132611691438903 0.132043894619797 0.0468281169724449 -0.0178425176551268 -0.030593832680099 0.124033985380957 0.220989324156718 0.137312838062175 0.125125707993264 0.168224110664784 0.129341353993943 0.0761715620360502 0.201813047378583 0.185842949613017 0.0492584325417239 0.111310656732205 0.0463036653735107 0.0545929560648557 0.0685074710775865 0.11484905628392 0.249947144693289 0.211995219762376 0.231155184255669 0.239123977584532 0.159047406343212 0.216795838650292 0.215215343006706 0.187277855887791 0.274764892224295
0.178439716756893 0.18888453067319 0.0471390981410134 0.0530378066202069 0.0587376028873284 0.0730824940043577 0.0765038246243108 0.140505412297341 0.167140945246127 0.142556025915327 0.138469236399632 0.142056927551503 0.139297460732318 0.139326400549429 0.207506542520092 0.133724266358943 0.120826045265667 0.072773750658956 -0.00463735636828418 0.147918139019936 0.140133820182868 0.211361415227358 0.272374262403657 0.28499990369473 0.195088376194114 0.171375099305701 0.276118392585816 0.199394429704925 0.199944153136467 0.172404490441696 0.0611716017323811 0.108222063944158 0.227666011927551 0.197424714439331 0.157527021120841 0.176621922826139 0.221122673056107 0.281910447123393 0.196173862057366 0.119015887404889 0.147242741854495 0.260298392152612 0.207396234666317
0.133899184084511 0.0835575812053283 0.0821037042235589 0.0880639042000175 0.149873798068725 0.203853717167496 0.236749636244493 0.24009499707459 0.243650136546306 0.245556098687225 0.175361513677947 0.175300022180682 0.172641829301177 0.24255432535051 0.24612030744753 0.247794829500466 0.155380603222715 0.100945003869821 0.0978803579597916 0.167762556920208 0.187847026746773 0.299375108668747 0.314271961040485 0.328611883022664 0.341761903023141 0.263291107770988 0.324236654336126 0.267609361178909 0.266654582560963 0.268716038804253 0.317780967858887 0.27365185735188 0.29518067119823 0.227862686316457 0.193447827469696 0.186789616917342 0.25958953191524 0.27921967875949 0.188333020857883 0.188282395790165 0.186235377267153 0.184629601277985 0.118818356268866
0.13362070698761 0.137504948623945 0.141602580764944 0.196428797583965 0.204631292628221 0.232702629171213 0.239740590760147 0.250152829192047 0.182898549826462 0.248858081979935 0.179719549528282 0.245129358250214 0.247241463365464 0.250528992169827 0.187198736882992 0.190088417458967 0.171174378382421 0.116698996587112 0.116683161022715 0.194584802183957 0.275213358484228 0.311545045901454 0.321129083804911 0.333924697490945 0.346181430370741 0.354087334358219 0.329307138482633 0.334547618828346 0.32928906509507 0.322186016913897 0.312421140185932 0.30119152004665 0.289064977119401 0.282963744565092 0.222965769659883 0.214878986275583 0.256471982542012 0.243690847148568 0.232902493347376 0.231206286043833 0.229343742012615 0.229202685630522 0.114183217361507
0.136351257793928 0.0659577367683342 0.123366217249319 0.196052682214671 0.2368870569593 0.169093896787477 0.259136494792 0.1648886404959 0.173568524849129 0.244421361796132 0.233231547903508 0.262109399724335 0.264358925554392 0.19140487372593 0.196008834993011 0.200283694095474 0.256207983737702 0.186711409304319 0.140735073037732 0.138986883394665 0.208369983991258 0.297155379402917 0.304200571754112 0.310699652536808 0.322768315829836 0.352792627718421 0.357092767166464 0.35878533880272 0.355993296499138 0.352485170232096 0.33546534631556 0.324553985715594 0.281433914561537 0.272367007837154 0.199069351747238 0.209349162403423 0.196904383741102 0.187540967104568 0.229987468049263 0.16917940657549 0.16365681346559 0.159982350470873 0.159363904779806
0.035153611595858 0.183177503643808 0.18768019097121 0.226387982307997 0.240565115048989 0.249194438711057 0.187705018400589 0.182233930909767 0.142087580862848 0.132897755520492 0.247365286339041 0.206927378746751 0.205006978885556 0.200670652090071 0.283129200741405 0.184129121838112 0.263220600604498 0.218340099337951 0.137109837266613 0.23020987422315 0.158748100742822 0.166758914337266 0.0910801613886958 0.269182585487922 0.323987093252092 0.318938294356192 0.321979873939565 0.317115508963146 0.314254744400038 0.327834259953453 0.321534091382828 0.316883140715315 0.266623834032645 0.264790229818538 0.204289520882219 0.130160045364645 0.168859725387811 0.239712562334813 0.147332245009023 0.16823906567782 0.163783391555093 0.162665847500202 0.0888654979514897
0.195932454336067 0.206984847513884 0.217125863415386 0.228789430949696 0.240785760120155 0.246387918114884 0.256702518274391 0.24374865537006 0.256620198273636 0.116184015050405 0.252873401156351 0.252497285787057 0.248971086132452 0.251343594957039 0.250696233253105 0.265032519567998 0.13181870804894 0.133084539248184 0.200901646298025 0.292077623921836 0.295488111916485 0.305954634887633 0.157506216421595 0.247933582206035 0.201389425316099 0.200235734486081 0.256032541683202 0.259916783319537 0.306106510090787 0.291679816265762 0.28560384025279 0.279549637671226 0.268808273270464 0.251065094055895 0.195772378161692 0.162420778830573 0.198791368138853 0.0578850263689095 0.226302138624999 0.0800251027525535 0.211542706968068 0.215918840010211 0.211900772754041
