sesion_7_reto_final/reto_final/modelo_enebrales2030.asc
NCOLS 708 
NROWS 329 
XLLCORNER -7.525 
YLLCORNER 35.991667 
CELLSIZE 0.008333 
NODATA_value -9999 
[rows 190 to 208 of 329, columns 602 to 644 of 708]
-0.260151483524163 -0.313860180092537 -0.31752022917122 -0.330323009242956 -0.272943485347153 -0.251389343546736 -0.246322406886714 -0.261168634190734 -0.307308575873313 -0.381429446588751 -0.38521602614845 -0.324881758888677 -0.31739893586668 -0.286886368239576 -0.280123353029126 -0.275855724688924 -0.27832583121359 -0.282578981261202 -0.286770680383863 -0.309861899718166 -0.381331784512115 -0.370330016402016 -0.300643175131013 -0.297558218010252 -0.266134249302589 -0.268347652161763 -0.264199371148803 -0.268315100481608 -0.263938991243709 -0.255819672947326 -0.287037481912586 -0.281384698850139 -0.32699935746771 -0.261543916617154 -0.254090057216511 -0.213277391526734 -0.323938823945413 -0.319913525926983 -0.205143594937759 -0.201805464869922 -0.231030492242931 -0.236549449685545 -0.294084508256032
-0.321899909699848 -0.319578049747222 -0.274589067582978 -0.283898223484507 -0.280267154795249 -0.247056588041981 -0.247649729583224 -0.250991495318348 -0.294690229721057 -0.310972220046969 -0.480882991727242 -0.309055432048817 -0.278553707047016 -0.283913534719971 -0.274521178266327 -0.269783431951725 -0.275562752531361 -0.28093342282962 -0.31000661557179 -0.317948666334395 -0.36592499115125 -0.29833581727522 -0.278628836857825 -0.259273555247433 -0.272756296311745 -0.270387423154445 -0.259664132141247 -0.262962503570913 -0.290950639561789 -0.284983232627314 -0.278393744334484 -0.334811258850082 -0.323162129036049 -0.263735586617233 -0.229208587401246 -0.331591595558127 -0.217639022472042 -0.210405784338322 -0.212318977241501 -0.208771068532044 -0.203877787542758 -0.238046744777015 -0.301657714983918
-0.32357440794854 -0.271236435418306 -0.271146027908174 -0.25711442719561 -0.257479676135356 -0.25452854463443 -0.243277256012612 -0.241100064305123 -0.254376662395103 -0.295869224700899 -0.358510937997265 -0.304339354216752 -0.302317680415877 -0.277038362372225 -0.276611621935213 -0.274593559997382 -0.272962415481834 -0.269183107256709 -0.297883691543757 -0.3676392956466 -0.38251359898444 -0.282006796976564 -0.24871302967118 -0.340999327623794 -0.347548992901895 -0.353552570415741 -0.293352088203487 -0.287894622258139 -0.284650494795408 -0.426294653387904 -0.333306756800594 -0.27479521055731 -0.269992337078156 -0.266545702308379 -0.233374941801769 -0.223559440006086 -0.220828889199769 -0.161659114823003 -0.220908454084597 -0.301889178876145 -0.214481731228713 -0.242968965583412 -0.245142562195928
-0.266885647098302 -0.265561983873323 -0.245968007608444 -0.249920971504305 -0.247385697242772 -0.244778170003299 -0.233591944169476 -0.234930109491289 -0.240767326473217 -0.278965176820877 -0.288994052353152 -0.354257811753896 -0.302487700419325 -0.289413585832147 -0.258268134793699 -0.259566517673098 -0.260752783987513 -0.293149540324128 -0.303182051523691 -0.474488844355756 -0.290350291062529 -0.258514100782759 -0.25375100974602 -0.338890817603516 -0.379023569909205 -0.381142905786716 -0.372734267768128 -0.341896233643691 -0.338847423298058 -0.393850843274301 -0.276929024727411 -0.271410067284798 -0.354441405694331 -0.239671474705107 -0.238955390741648 -0.233096464704868 -0.25613346387648 -0.169373377932982 -0.227085639660692 -0.227783650236587 -0.306500370905486 -0.225978962035348 -0.257757337057454
-0.259410102447052 -0.230058496984539 -0.230886721317225 -0.240586494684882 -0.199045480757977 -0.189837598796128 -0.170715155117839 -0.227421989355641 -0.233631750416133 -0.243020471202491 -0.279909136617762 -0.284089928738562 -0.348937790327599 -0.286393739107868 -0.259530354129899 -0.256553877906835 -0.284881982491877 -0.290241810164833 -0.348937790327599 -0.294552816042423 -0.290147766987413 -0.256373039082327 -0.250036723736575 -0.340402574219507 -0.341147598000077 -0.404642856547024 -0.426312750579712 -0.340073472054888 -0.279449820696353 -0.277099020926616 -0.250514113045548 -0.343069395705393 -0.247226608045429 -0.241635316480247 -0.240619046365036 -0.235197727194815 -0.317274286986402 -0.31743341675606 -0.233204969406808 -0.321798683368655 -0.229946404223799 -0.233733007587742 -0.261522231366546
-0.224297233024396 -0.224456362794054 -0.220065815835878 -0.183084011598791 -0.179998990101474 -0.178252198302527 -0.165890596388078 -0.175514416733949 -0.229266507607782 -0.237866786503868 -0.24496983468504 -0.274722900238985 -0.336323039270316 -0.278570995100192 -0.276021283118383 -0.279619816895558 -0.277457086712589 -0.337140397173455 -0.423940265559367 -0.28486752800353 -0.33893424274939 -0.338406204568456 -0.338200061594124 -0.249996965098404 -0.337936046021743 -0.365866326182641 -0.422844430559327 -0.367833779820825 -0.283894652193777 -0.254329656226602 -0.333975851363623 -0.330330304381774 -0.333726290279589 -0.243288105674088 -0.243009628577187 -0.242930063692359 -0.353873608875226 -0.325125970811189 -0.246995144153202 -0.268567399913498 -0.266733771895148 -0.355548107123918 -0.320471384476389
-0.242990674638263 -0.219295471137414 -0.223801794132103 -0.231675146439426 -0.227508792038903 -0.170458394111962 -0.163796588464635 -0.162939448119081 -0.224257474386225 -0.234170638258544 -0.238912020240433 -0.265196741969749 -0.270140671830997 -0.412193497472941 -0.406305655423295 -0.358983923072634 -0.417115718279338 -0.474350590698075 -0.277344970147606 -0.390599532657796 -0.335357418027067 -0.365399803303215 -0.392751420215461 -0.365678280400116 -0.365956757497017 -0.393149244639605 -0.444167149039832 -0.36092603198868 -0.362094201111289 -0.376019558749323 -0.380373958932372 -0.391926807745818 -0.36628947152468 -0.279569168023596 -0.280824132793294 -0.388378899036362 -0.274585455719934 -0.387322846478737 -0.363826531385716 -0.328095216271993 -0.391427709381995 -0.471750206040061 -0.333234422678026
-0.299476935217629 -0.298959763466242 -0.214912154941498 -0.22678186545014 -0.225516058055139 -0.216087554826367 -0.157865328305287 -0.16460310374247 -0.163594064389519 -0.22654680646294 -0.226177921855907 -0.228648068952887 -0.259008713768351 -0.347465007015392 -0.430597619364604 -0.374816623927637 -0.432170843673617 -0.265826054090363 -0.383076974801871 -0.385149297474708 -0.357099669986567 -0.387301185032373 -0.358712676737994 -0.414772149271861 -0.405774005379317 -0.402106749342617 -0.404370753465266 -0.414696196250076 -0.328753468209718 -0.333346563047252 -0.432437073264921 -0.43964137158153 -0.423763038597902 -0.337122299981648 -0.343888991431698 -0.343411602122726 -0.340641268873994 -0.43879507386128 -0.505611746360307 -0.45046727000197 -0.369945861131832 -0.364593264221137 -0.277594483623153
-0.299704787246812 -0.246097388422361 -0.299813291948751 -0.302297876766008 -0.274045741970822 -0.26744542782076 -0.265810712014482 -0.206691586509678 -0.212438395981474 -0.21807670075133 -0.278501439897793 -0.274682284853696 -0.277731095199329 -0.387322037340106 -0.469438379574108 -0.474559512592577 -0.397115830080939 -0.426261292569119 -0.433346243558485 -0.491239344110703 -0.491478038765189 -0.378700865563972 -0.489684193189254 -0.488906617728529 -0.428084054157922 -0.346408954457766 -0.360641705205569 -0.268198539110708 -0.359862748668795 -0.273959803070851 -0.332250728047212 -0.423603908828245 -0.422945680694763 -0.456666164632915 -0.343053560140996 -0.441207365128283 -0.396183569656474 -0.453299094747967 -0.397358969541343 -0.368991082513886 -0.400458404954693 -0.338829349910495 -0.258297074610809
-0.243992537873613 -0.2957265262373 -0.298569193608601 -0.232773760359636 -0.240140847917433 -0.205617460564489 -0.197317327247841 -0.204590347823975 -0.14901549536134 -0.211009823149528 -0.213613819670586 -0.211208759165844 -0.208955597668499 -0.235952808266302 -0.407588703262986 -0.410058850359966 -0.303390140475319 -0.415230608446153 -0.409645166567182 -0.25848069939166 -0.256766418700554 -0.375731620103168 -0.261580134805011 -0.371666539642325 -0.489933730469044 -0.430366131668134 -0.435877858348487 -0.382491080790959 -0.384375333877027 -0.390284884981524 -0.391290288667188 -0.33706444415167 -0.343172907468239 -0.342565304402476 -0.260709365877812 -0.398187170069785 -0.289934393250821 -0.343125894263565 -0.286487758481044 -0.344261511706019 -0.346952280069922 -0.341541803525005 -0.256575563157443
-0.236408488520424 -0.236028737483844 -0.301954360685356 -0.297259968103899 -0.238025130939138 -0.232679781558773 -0.200854393331993 -0.201201592688419 -0.205881483173043 -0.211270250663109 -0.21070966080202 -0.210239502255307 -0.230806354329939 -0.227779253039157 -0.361271541655115 -0.316571855408833 -0.349355634116602 -0.347341167273744 -0.24226739075296 -0.249232994415082 -0.219588433563078 -0.281477892316614 -0.369702697867185 -0.311252643121165 -0.451540563004285 -0.320778825194644 -0.268299813050387 -0.27516414277283 -0.35524794477641 -0.330514738301255 -0.337281429751306 -0.394198042630727 -0.395583197352971 -0.400277566130185 -0.319380041890754 -0.354105953318813 -0.405622956082864 -0.355053501174499 -0.299862035415731 -0.258550247557887 -0.257750963042311 -0.25510361278811 -0.251356768062338
-0.197512651401112 -0.227851587161725 -0.2422565719319 -0.296612630204208 -0.291260009489269 -0.238111926586227 -0.20207683022578 -0.200550595317198 -0.199443917691855 -0.201085864260392 -0.235312677324628 -0.225334410092 -0.331225544515923 -0.339756284977681 -0.346801453524632 -0.300745528568973 -0.254505193498075 -0.256447278609878 -0.259268236926328 -0.260624475635705 -0.265727511462367 -0.210904930310633 -0.207866962590303 -0.244694136508309 -0.254375788879915 -0.410151448084779 -0.404247746666492 -0.403889704684762 -0.354018260352293 -0.360944081572001 -0.333133148738346 -0.337747952630731 -0.371866260993027 -0.291543764334961 -0.410158154518106 -0.391924028825649 -0.474937293847618 -0.508328675621151 -0.451553119123824 -0.442645382741412 -0.360210780968095 -0.351143914816026 -0.262687662141299
-0.193538002254644 -0.196474672231051 -0.229594807669943 -0.239638161494809 -0.298297994882447 -0.239894929536859 -0.235428388984584 -0.233847933913311 -0.202420393914919 -0.234462767741334 -0.231392248340851 -0.282847759607637 -0.360927961197906 -0.207508094701872 -0.205949372489694 -0.23886691244074 -0.189823668636713 -0.191100318657018 -0.189440298700916 -0.195111155150927 -0.19548003975796 -0.202644555632155 -0.294033883188314 -0.211736702129805 -0.35970633344275 -0.256524040770293 -0.260907380770452 -0.26536305489318 -0.323664822494845 -0.35183379731023 -0.35648838364503 -0.390129302698353 -0.370600429793783 -0.430406723249179 -0.354966664955096 -0.362221612143666 -0.48226093949147 -0.484004159999687 -0.455097392165993 -0.397414070255394 -0.453972641153086 -0.44823306244355 -0.361534467997317
-0.185689954097145 -0.211188471759357 -0.213727341115862 -0.249747999756033 -0.251758830931604 -0.304592289962618 -0.290760934929689 -0.234242146474412 -0.231714143547453 -0.229717750092159 -0.279827889079115 -0.278486128662329 -0.213468294678331 -0.21244836509159 -0.238874143203 -0.184807404652896 -0.191454748775704 -0.137706269764915 -0.139630305293398 -0.159403722538664 -0.162145115970285 -0.283346762754487 -0.291089941877334 -0.296102570193864 -0.300724604848509 -0.306453317128498 -0.308901755170627 -0.36206431636626 -0.423306389611619 -0.422192481224015 -0.427563151522274 -0.438318994215627 -0.407083135667046 -0.419028815965544 -0.424887742002323 -0.435079359167299 -0.292505807251309 -0.357491048982838 -0.362532640920721 -0.363595924240607 -0.373617569010622 -0.40083176520806 -0.475704026683039
-0.126332133937854 -0.20553568869691 -0.21437472662404 -0.212707435333364 -0.243997578421193 -0.24548760217809 -0.239139086935228 -0.284692254055534 -0.236303626521944 -0.283932751982373 -0.277614510024185 -0.299577359446364 -0.296976998592593 -0.323749952256186 -0.267571132395075 -0.188463794260049 -0.130957651702428 -0.137203535733805 -0.13751456451086 -0.154738269774317 -0.189212382295176 -0.186521590127029 -0.197201463030526 -0.193874151783749 -0.287169465285071 -0.317938777149982 -0.28908990571858 -0.22630713604012 -0.228252880623453 -0.368085096448207 -0.369047146400727 -0.375991041007999 -0.301816790108916 -0.249833240661196 -0.254426359302974 -0.256415521996008 -0.262129796555721 -0.274762668609054 -0.288722798982339 -0.303113305459922 -0.361245100666626 -0.436956429099594 -0.392922225553296
-0.134219964537768 -0.154629924665909 -0.215448852569229 -0.220457869022714 -0.224154041072281 -0.249972216117929 -0.230057742490568 -0.290341425254937 -0.284818832145037 -0.281878502697101 -0.222560441175981 -0.299924534998547 -0.236201424422417 -0.178340875550354 -0.254703136977986 -0.132416497819048 -0.127620831297911 -0.12012219651576 -0.213010217007511 -0.218908901682461 -0.219400769284025 -0.162861645813774 -0.173096681088452 -0.20752240636476 -0.265245510717772 -0.265972437306535 -0.25469223267185 -0.260634335456501 -0.19533800057136 -0.210629106076512 -0.214046801029178 -0.217902126652646 -0.233222107598352 -0.237052129071996 -0.220912035107225 -0.221685974900662 -0.223179698701404 -0.236485212804251 -0.34320177587262 -0.369736099258284 -0.437983606216666 -0.431441083520024 -0.297182085872888
-0.141362795161355 -0.216186645587539 -0.21463872542835 -0.222092584828992 -0.249932457479758 -0.245476759552787 -0.28972297956387 -0.286232926684392 -0.227131850762908 -0.222480876291152 -0.218184308133839 -0.233174323131635 -0.169823732829826 -0.160709853473083 -0.152308422412511 -0.154029910061634 -0.114268280186145 -0.110582926957639 -0.195816801796798 -0.265277165078496 -0.244059356204957 -0.234142597237665 -0.230374043457042 -0.147657393296095 -0.157313700945563 -0.115056643627514 -0.153877949373404 -0.15299186921074 -0.156738690132269 -0.163393265017336 -0.183400407782239 -0.193592048751459 -0.203425647738949 -0.212582921401151 -0.225132633474683 -0.229602745317687 -0.232260962001436 -0.244141579511939 -0.250311558130016 -0.366654713428253 -0.452159834602053 -0.420414035064345 -0.282057381471968
-0.144686446936602 -0.219752627684559 -0.215875616810484 -0.215365675821356 -0.246294117455925 -0.302053403838042 -0.281911078181498 -0.224021613296568 -0.210444764678279 -0.177415060553762 -0.224111092646853 -0.156963032551554 -0.147715303770733 -0.138919683953304 -0.132630358007983 -0.136633923167318 -0.139158354803547 -0.136279493048632 -0.178674011653803 -0.223213122677821 -0.222652573389046 -0.239964448339469 -0.200450141724847 -0.119169271353862 -0.122850941306595 -0.131205382966736 -0.144196273197555 -0.14634450128369 -0.167885109719435 -0.172510780041367 -0.251549372112625 -0.272149615846457 -0.282981411561595 -0.204101949259994 -0.221100064121679 -0.184615120425249 -0.233436385690548 -0.2432048980858 -0.247389325873887 -0.359059797645517 -0.413596694742333 -0.365960362323888 -0.282925388247068
-0.198666389839617 -0.19341140739707 -0.198203438250921 -0.202047897444842 -0.232419408689852 -0.280916517121138 -0.222724604457046 -0.211849455008764 -0.17326815358068 -0.23320827265591 -0.156881229843558 -0.140027783227011 -0.156923695989169 -0.14748432633085 -0.16419085984292 -0.161543445212161 -0.282042088481374 -0.194466018674614 -0.170835918534074 -0.176137890377051 -0.262590559406537 -0.258619481550799 -0.261364510649707 -0.203880053342694 -0.200845745093895 -0.142871681812729 -0.184876446735061 -0.201285079527034 -0.252232863823616 -0.253885693589771 -0.197426199380907 -0.290857535752915 -0.229773235005408 -0.201038701194085 -0.208875906726281 -0.222655238847372 -0.235873981107374 -0.234828771175052 -0.273504075208242 -0.27907729338586 -0.338243432095339 -0.336210891864917 -0.283460633386019
