sesion_7_reto_final/reto_final/modelo_enebrales2040.asc
NCOLS 708 
NROWS 329 
XLLCORNER -7.525 
YLLCORNER 35.991667 
CELLSIZE 0.008333 
NODATA_value -9999 
[rows 57 to 75 of 329, columns 215 to 257 of 708]
-9999 -9999 -9999 -9999 -9999 -9999 -9999 -9999 -9999 -9999 -9999 -9999 -9999 -9999 -9999 -9999 -9999 -9999 -9999 -9999 -9999 -9999 -9999 -9999 -9999 0.0405190041453257 0.0403598743756681 0.0397016462421868 -0.0428342294708094 -0.015482612558564 0.0495004319221126 0.0463322742492366 0.0366469624061003 0.032140639411411 0.0281551238353962 0.00954624004545102 -0.0476886323732853 -0.0457863058996537 -0.0508893655305591 -0.0596053966589155 -0.059656045530877 -0.0097556851855399 -0.0159617867745016
-9999 -9999 -9999 -9999 -9999 -9999 -9999 -9999 -9999 -9999 -9999 -9999 -9999 -9999 -9999 -9999 -9999 -9999 -9999 -9999 -9999 -9999 -9999 -9999 -9999 -0.00810831804275033 -0.00948263013969096 -0.0153921812441881 0.0389132281561587 0.0395497472347892 0.0349060035252931 0.0746893186513892 0.0691884345963398 0.0422454847335421 0.0368060921757579 -0.0314305483530773 0.0126673845136526 -0.0387035689292114 0.0202962092483496 -0.00496001866440276 -0.00816795877969315 -0.0660610593319107 -0.0110576393556683
-9999 -9999 -9999 -9999 -9999 -9999 -9999 -9999 -9999 -9999 -9999 -9999 -9999 -9999 -9999 -9999 -9999 -9999 -9999 -9999 -9999 -9999 -9999 -9999 -9999 0.131033141772612 0.0511482519811042 0.0492350590779255 0.0459873365202207 0.0689953958747217 0.0661057152987465 0.0607639610133547 0.0470085757702815 0.0437608532125766 -0.018577078837065 0.0285963663692417 0.0216416053324228 -0.0516705122820131 0.000483009560668579 0.0274368020487699 -0.00298533426395902 -0.0586650557612463 -0.0467324559112193
-9999 -9999 -9999 -9999 -9999 -9999 -9999 -9999 -9999 -9999 -9999 -9999 -9999 -9999 -9999 -9999 -9999 -9999 -9999 -9999 -9999 -9999 -9999 -9999 -9999 0.159740997394234 0.0960924825680838 0.0846372720270296 0.0924469355862349 0.0668254349294929 0.0775030700098226 0.0507192499166826 0.0461152886496008 -0.0149061871330783 0.0339598297094842 0.0309905842486803 0.0262672756543553 -0.0457500947479689 0.0272220542723011 0.0284987280968492 0.0260358117621288 0.0239237066468782 0.0245204432830943
-9999 -9999 -9999 -9999 -9999 -9999 -9999 -9999 -9999 -9999 -9999 -9999 -9999 -9999 -9999 -9999 -9999 -9999 -9999 -9999 -9999 -9999 -9999 -9999 -9999 0.0651459437417076 0.064118831001193 0.0676739704729093 0.079555921450975 0.0762720521181428 0.0542165335584209 0.0461659375215624 -0.0190449589882969 0.0331085628543847 0.0410339380735463 0.0677490359071611 0.0348965349398663 -0.0190508324787509 -0.025499264389486 0.035659632108 0.043750010587273 0.137965313203219 0.0647363961408991
-9999 -9999 -9999 -9999 -9999 -9999 -9999 -9999 -9999 -9999 -9999 -9999 -9999 -9999 -9999 -9999 -9999 -9999 -9999 -9999 -9999 -9999 -9999 -9999 -9999 0.0718380632460224 0.00442465411077992 0.0601948069224433 0.0674461184437266 0.0696956442737841 0.0666902520378529 0.00578812358241681 0.05271923846695 0.0566468982129869 0.0799695814395159 0.0782589364156964 0.0410628778906569 -0.0175282332374563 -0.0159947913708581 0.0606265402985478 0.124266450322561 0.0535836095747633 0.0517499815564134
-9999 -9999 -9999 -9999 -9999 -9999 -9999 -9999 -9999 -9999 -9999 -9999 -9999 -9999 -9999 -9999 -9999 -9999 -9999 -9999 -9999 -9999 -9999 -9999 -9999 0.0595582640395693 0.0104029274748022 0.00664526392797014 0.0144969477527567 0.0160701720617693 -0.0662270089967405 -0.018370031507129 -0.0181891926826206 0.0614570024544005 0.135217569560699 0.0574714868783856 0.123669713686345 0.0565058418308929 -0.0826464606097728 -0.0888959803084361 -0.0796699843867089 -0.0105133547432492 -0.0347185230374694
-9999 -9999 -9999 -9999 -9999 -9999 -9999 -9999 -9999 -9999 -9999 -9999 -9999 -9999 -9999 -9999 -9999 -9999 -9999 -9999 -9999 -9999 -9999 -9999 0.0853149475879513 0.0639994598697064 0.0681513359776388 0.0721585606085045 0.0114445017398368 0.0195963717163749 0.0177916835151359 -0.0607586766218455 -0.0566935961610018 -0.0592867262525124 -0.0646863363678823 -0.0741329535565321 -0.0723571813681604 -0.0734530163682002 0.134566572189477 0.136411066637374 0.0659090647140847 0.00891288694983473 0.0876861061769057
-9999 -9999 -9999 -9999 -9999 -9999 -9999 -9999 -9999 -9999 -9999 -9999 -9999 -9999 -9999 -9999 -9999 -9999 -9999 -9999 -9999 -9999 -9999 0.162854911100176 0.162594507390838 0.0913655788787859 0.132479787992121 0.0137482883048996 0.00633421134667149 0.0723176903781621 0.14300776188822 0.0910531522576103 -0.0659774479127071 0.144797971796868 0.13651231677281 0.0636414416922201 0.131127144377717 0.0726576827765715 0.0667481078678309 0.166044761059832 0.0769361131697637 0.141658818317661 0.0674642156355336
0.00842824307435846 -9999 -9999 -9999 -9999 -9999 -9999 -9999 -9999 -9999 -9999 -9999 -9999 -9999 -9999 -9999 -9999 -9999 -9999 -9999 -9999 -9999 -9999 0.156580087251689 0.0880816451693962 0.0707335996396024 0.137333286538993 0.00312990689866811 0.00694542627547834 0.0577752848931809 0.0638150497544683 0.0605130426575151 -0.0697821484684569 0.0793895609190574 0.0595510570815527 0.0897706455149225 0.0880238131436615 0.155191296862157 0.0885048381199215 0.157947151818299 0.161719317461965 0.0765831046994414 0.0946024826154303
0.0118531687892845 -9999 -9999 -9999 -9999 -9999 -9999 -9999 -9999 -9999 -9999 -9999 -9999 -9999 -9999 -9999 -9999 -9999 -9999 -9999 -9999 -9999 -9999 0.0836766366867006 0.0893945063413858 0.133698582182448 0.00696713533032899 0.0765613480361039 0.065178495421862 0.128646171423504 0.0906386284857794 0.1296226590963 0.0613991228201791 0.0649578741549391 0.129246543727007 0.0842625306976131 0.0823384951691307 0.0785916742476024 0.153487858796355 0.0897815119444696 0.159010475710498 0.173744586449535 0.174446192120403
0.0841201002756423 -0.0676361344012457 0.107265620917264 -9999 -9999 -9999 -9999 -9999 -9999 -9999 -9999 -9999 -9999 -9999 -9999 -9999 -9999 -9999 -9999 -9999 -9999 -9999 -9999 -9999 0.12813261153516 0.0621007452591185 0.00469590044542075 0.0786951622062053 0.0670699792701898 0.0897417056978118 0.159896508264675 0.0847579933941496 0.0900201827947126 0.157111696723353 0.159267219948305 0.0790220503519009 0.0806748395457422 0.144426866134739 0.213482221838519 0.213948744717945 0.17283679723202 0.17492719329242 0.171892885043621
-0.0729864529164602 -0.0377094607850533 0.143872173568347 -9999 -9999 -9999 -9999 -9999 -9999 -9999 -9999 -9999 -9999 -9999 -9999 -9999 -9999 -9999 -9999 -9999 -9999 -9999 -9999 0.0921069837601396 0.123261039600725 0.0735559558001727 0.0105078132775254 0.0658547969429069 0.134750999072786 0.162355812736352 0.162417304233617 0.086493983140107 0.0838032147762038 0.152493297735994 0.155263630984726 0.150699452160059 0.209818577664863 0.217630502851479 0.144734283048751 0.0937380877033737 0.0983818314128698 0.105275124756667 0.178985066795247
-0.0451357376403911 0.141228394604875 0.0787263636507262 -9999 -9999 -9999 -9999 -9999 -9999 -9999 -9999 -9999 -9999 -9999 -9999 -9999 -9999 -9999 -9999 0.257789439858352 0.21802559596394 0.186966916768337 0.190265288198003 0.176435331009194 0.0668747027254048 -0.00658570203338507 -0.00647719733144552 0.0515424575060319 0.16006650446388 0.167379307482428 0.169010387621419 0.204059527723643 0.212936110270021 0.143262308875174 0.207825819876856 0.209909008979239 0.21584386423356 0.216078923220759 0.0974414905152006 0.159357651262681 0.169317804535431 0.148761818890347 0.158787123131892
-9999 0.171502267577494 -9999 -9999 -9999 -9999 -9999 -9999 -9999 -9999 -9999 -9999 -9999 -9999 -9999 -9999 -9999 -9999 -9999 0.208715906001581 0.211201888662958 0.209885432395995 0.205910759445284 0.189860192439285 0.089033733047973 0.00408332824480778 -0.031058480994959 0.0501102895791132 0.139043972135127 0.100790463208342 0.169748180639729 0.1733358717916 0.216348836087837 0.202735864498664 0.143392522631964 0.212610619968446 0.210277893586272 0.219442398010734 0.161238268681462 0.16263792550054 0.165986921997924 0.145828784581228 0.101740296495681
-9999 -9999 -9999 -9999 -9999 -9999 -9999 -9999 -9999 -9999 -9999 -9999 -9999 -9999 -9999 -9999 -9999 -9999 -9999 0.229892575160898 0.159867962546582 0.149177247017782 0.210464095644648 0.208525598591645 0.161890129835973 0.0705767076931115 0.00666195623948431 -0.00598532972988184 0.141297133632471 0.18079336685953 0.176695734718532 0.112190079546828 0.177198404373085 0.214703277656256 0.211307267954197 0.224404401259546 0.214462321374359 0.215778777641322 0.156540304809274 0.159028525293818 0.166652380893666 0.148024025872037 0.0338639357717422
-9999 -9999 -9999 -9999 -9999 -9999 -9999 -9999 -9999 -9999 -9999 -9999 -9999 -9999 -9999 -9999 -9999 -9999 -9999 0.215740763337801 0.222883593961389 0.181965994860401 0.189098023430999 0.1750618588913 0.177079961401446 0.0332418949857025 0.0982864071594008 0.090937457365725 0.145062027941563 0.187513028336835 0.200232672233013 0.198815006402929 0.125170127152344 0.180847587022221 0.213748475234067 0.211010717469733 0.218028303471379 0.210914412664903 0.154439042319327 0.166323254924803 0.172229170362013 0.157438091380532 0.104308081865054
-9999 -9999 -9999 -9999 -9999 -9999 -9999 -9999 -9999 0.274603144604799 0.265102283449215 0.205299625661105 0.201632369624406 0.206305053151013 0.202109758933379 0.200836720776118 0.199531107134459 0.206908996745245 0.172779821953402 0.187687564558931 0.180056478196824 0.17650493382008 0.117819820086862 0.112644402529144 0.0395529061816307 0.0317916298669768 0.0897403484260056 0.150664185936292 0.153112623978422 0.106915690249155 0.124807051659207 0.141197587259372 0.252786256323006 0.198088056009922 0.184478696283793 0.210591183990738 0.210703300555721 0.202381434379978 0.156891116028744 0.155672298034174 0.176547447574178 0.151995103727775 0.100836142945453
-9999 -9999 -9999 -9999 -9999 -9999 -9999 -9999 -9999 0.227545451630763 0.221979504787718 0.218214586674383 0.228203679764244 0.21909703116976 0.220276002345358 0.215100649164198 0.17474006863357 0.16972020955478 0.175517644094294 0.126774545869704 0.118293549924304 0.133255512692523 0.130232047069028 0.117201374395795 0.11053593308118 0.161723809876369 0.147774505360317 0.146660596972714 0.183534760291151 0.107989816194344 0.0950829902989306 0.181353382087474 0.264496925242791 0.242345078073996 0.231451831433907 0.179238215938081 0.167780743769616 0.162590912295866 0.156930898471158 0.163158709114971 0.14446165563806 0.147340493588732 0.103255664974716
