sesion_7_reto_final/reto_final/modelo_enebrales2030.asc
NCOLS 708 
NROWS 329 
XLLCORNER -7.525 
YLLCORNER 35.991667 
CELLSIZE 0.008333 
NODATA_value -9999 
[rows 228 to 246 of 329, columns 129 to 171 of 708]
-9999 -9999 -9999 -9999 -9999 -9999 -9999 0.119034956282458 0.0648488942093542 -0.0453170755127883 -0.0524815913869828 -9999 -9999 -9999 -9999 -0.297405657120085 -0.097709268205713 -0.0939624472841846 -0.195255470127236 -0.191508649205708 -0.186825123053798 -0.127138176925644 -0.179490610980398 -0.183685881393789 -0.17525553432035 -0.0589340880769638 -0.0603481826163188 -0.145372278813859 -0.122982665150425 -0.208187600172474 -0.208147817730059 -0.183646098951375 -0.0441864034009405 -0.0799683673866249 -0.219290666026495 -0.0908797279865913 -0.0668047734491614 -0.208517654301183 -0.211248205107501 -0.100525281191557 -0.163550357387547 -0.109841684623416 -0.17224831512834
-9999 -9999 -9999 -9999 -9999 -9999 -9999 0.124206714368645 0.119034956282458 0.00894855144514411 0.0103843550393498 -9999 -9999 -9999 -9999 -0.156539073988313 -0.0968521278601597 -0.204207981891156 -0.185519533216382 -0.188738315956976 -0.183118084574684 -0.178514123307602 -0.17391016204052 -0.17525553432035 -0.0580769477314105 -0.0515200111187358 -0.101778413445802 -0.0466954285847312 -0.191287123583181 -0.189084610957798 -0.164781804391185 -0.0280309505922183 -0.0585724342321904 -0.069454855015046 -0.219887402662711 -0.0835343732878884 -0.0646926683339108 -0.211776219484192 -0.245247166142554 -0.106264859901092 -0.164685974830001 -0.113957390151978 -0.119208713122994
-9999 -9999 -9999 -9999 -9999 -9999 -9999 0.12279261982929 0.125103637156613 0.00793228132993316 0.00976590934828303 -9999 -9999 -9999 -9999 -0.098725538320924 -0.0941613594962566 -0.187432726119561 -0.182788982410065 -0.185031277477862 -0.179411046095569 -0.17391016204052 -0.168329713100642 -0.190798891648905 -0.193120751601531 -0.102414932524433 -0.0412958184693614 -0.0398600148751556 -0.155006061233673 -0.153660688953843 -0.160098278239275 -0.0168302702700474 -0.0540082554075231 -0.197395634508237 -0.123630074462846 -0.0807242575967421 -0.0642731348549159 -0.210879296696224 -0.105396853125992 -0.305133024482779 -0.170096427570675 -0.120507096002393 -0.0865949068101855
-9999 -9999 -9999 -9999 -9999 -9999 -9999 -9999 -9999 -9999 -9999 -9999 -9999 -9999 -9999 -0.0979081804177851 -0.0652943741049767 -0.18567866298604 -0.180058431603747 -0.18226094422913 -0.175704007616455 -0.198212968607133 -0.191735596879287 -0.192223828813563 -0.100780216718155 -0.0390028745296023 -0.0329450362807512 -0.00822269623514374 -0.151179675427316 -0.00743427814911555 -0.0115789234947881 -0.0129641020212757 -0.0431367010542146 -0.192813382296006 -0.0675706019289781 -0.0810027346936429 -0.203345872410753 -0.0794701733784053 -0.111389604782605 -0.112702425382281 -0.172049402916268 -0.119367842892652 -0.0943380859330325
-9999 -9999 -9999 -9999 -9999 -9999 -9999 -9999 -9999 -9999 -9999 -9999 -9999 -9999 -9999 -0.0761022229420967 -0.0494558235637635 -0.182908329737308 -0.183277214344341 -0.177617200519634 -0.200983301855865 -0.194545712570433 -0.103102100475025 -0.102613844736505 -0.0359721375715333 -0.0638734779153204 -0.00534385828447234 -0.00160426812520392 -0.00864222971413857 -0.0101141800834717 -0.0115789234947881 -0.0126856249243749 -0.0400878907085818 -0.195804336811661 -0.0694837948321568 -0.0566203632422015 -0.215891925012754 -0.0830976469726906 -0.11771505369881 -0.118004397225258 -0.179911929366358 -0.124170716371805 -0.0946961279147622
-9999 -9999 -9999 -9999 -9999 -9999 -9999 -9999 -9999 -9999 -9999 -0.146957297712266 -0.19711806176694 -0.197667785198482 -0.188141603125003 -0.0551773288857357 -0.21665775349257 -0.215153227638839 -0.0694656976403497 -0.202697582546971 -0.198292533491962 -0.246858364182772 -0.0512776807969623 -0.0439033862811486 -0.034040871280791 -0.0305942365110142 -0.00380678075058697 -0.00536193167203599 0.0439597654246487 -0.0097959205441564 -0.0209966008663272 -0.0193727514895965 -0.0577587119963386 -0.207153280473942 -0.085975580567758 -0.212224668976054 -0.0824792012816237 -0.0878209555670155 -0.0960234506112717 -0.123559542015313 -0.179174136348048 -0.125027856717359 -0.0946563454723478
-9999 -9999 -9999 -9999 -9999 -9999 -9999 -9999 -9999 -9999 -9999 -0.201682240591608 -0.140382287712028 -0.110669004600498 -0.166978014414156 -0.0780769073425404 -0.0767676580335945 -0.270315777384739 -0.122913966695143 -0.116874201833856 -0.252478595565065 -0.25203012226896 -0.0481890880089151 -0.0401565653596201 -0.0644738502188235 -0.00332939144161408 -0.00629863690241813 -0.00560426199380944 0.0376234500788967 -0.0220634960492563 -0.0325263833531171 -0.0357451898979546 -0.0711582692766056 -0.226513037730668 -0.235630552754699 -0.0817414082633136 -0.0910686781247203 -0.104272958860202 -0.101864303260487 -0.131132748743198 -0.183817880057544 -0.181745557384708 -0.148404800678893
-9999 -9999 -9999 -9999 -9999 -9999 -9999 -9999 -0.0887111719216555 -0.107688940318634 -0.111146417713714 -0.197458030361106 -0.200358553562385 -0.250758012271546 -0.331279421141684 -0.0789810370885247 -0.271002945335332 -0.270319413052027 -0.0655778203367273 -0.202198484183148 -0.202607151232595 -0.248503922614354 -0.102574062294091 -0.132269248213813 -0.0418636152884668 -0.0359829801968369 -0.0158754440436149 -0.017748854504379 -0.0312713947791764 -0.0410760539495559 -0.0535714814838386 -0.061712508835073 -0.088984584666733 -0.285212653560721 -0.104250369253991 -0.125385898699088 -0.106743105957183 -0.113061347915371 -0.140054922845887 -0.193423627015851 -0.248965927798332 -0.133150786876786 -0.0999402439277615
-9999 -9999 -9999 -9999 -9999 -9999 -9999 -0.0621493541714877 -0.0811271225684661 -0.106213354282014 -0.0807857728982506 -0.110459249763122 -0.198684055313693 -0.221970591765095 -0.141507038724935 -0.274789548699274 -0.278048113882283 -0.0710389219493623 -0.0667134377791815 -0.0421212876861209 -0.200495046117345 -0.0542288528702025 -0.0534006285375166 -0.0448509341368343 -0.101460130102244 -0.0460371766470066 -0.0479105871077708 -0.0306529490881095 -0.0453508892477753 -0.0627395977713442 -0.082898639543645 -0.251435122931221 -0.243612402727789 -0.102586713630602 -0.257663004987764 -0.130228554620656 -0.139396694712405 -0.116808168836899 -0.200439879549935 -0.198146935610176 -0.13650701413643 -0.13009113390585 -0.0902223804044707
-9999 -9999 -9999 -9999 -9999 -0.0166486937196387 -0.0315563887166802 -0.109330030140054 -0.12142760944595 -0.244588081261955 -0.136226799741051 -0.0936442115491127 -0.11270154483092 -0.311092320103633 -0.137572148216638 -0.141727636187614 -0.13333707155659 -0.074706177986062 -0.0496944944140066 -0.0408663229164236 -0.0343093863037488 -0.0313907659106629 -0.023159331049296 -0.0471836605190078 -0.0503626608171875 -0.104906764872021 -0.0516574080292993 -0.0635850149402331 -0.0505118047086587 -0.0678607307898132 -0.086066797216521 -0.225338470788673 -0.0842332168066579 -0.118373258028048 -0.262397156207393 -0.218594416553321 -0.141978958374369 -0.179656041875668 -0.142181506253728 -0.193687666392476 -0.193286206301044 -0.120174358170487 -0.109512558654554
-9999 -9999 -9999 -9999 -0.11632371687217 -0.0768578045382721 -0.076903436666897 -0.190708579355746 -0.231633361610506 -0.213807902967496 -0.218701183956783 -0.225796977571452 -0.22694343763921 -0.280391706694003 -0.285722594549848 -0.139933790611679 -0.191389301878465 -0.13789038395171 -0.0787603920173586 -0.0413256388378328 -0.0403599937903399 -0.0329459168321119 -0.026667457316338 -0.0311809872690438 -0.055444011393242 -0.0555235762780708 -0.111702396139182 -0.0668725199403524 -0.101479084041168 -0.059998204339723 -0.0691880534863228 -0.0741211407222668 -0.0840885653295911 -0.11771864175761 -0.207227375699232 -0.19593716841829 -0.196414557727263 -0.139798130999593 -0.13980176666688 -0.186262723004701 -0.18270397166994 -0.105118376029091 -0.0809629760554719
-9999 -9999 -9999 -0.217020859826123 -0.179354642754371 -0.141648643240204 -0.147757106556774 -0.0776189963014241 -0.0757514355268704 -0.134989908358918 -0.0802360256624655 -0.0810642261909081 -0.139944657041226 -0.0902721249208281 -0.169976175887827 -0.147955446831427 -0.0883480655881024 -0.138707741854849 -0.140013331692264 -0.103612922015513 -0.0675922633753421 -0.0702323828672837 -0.0384757169000287 -0.0358645134209544 -0.0333726572691233 -0.0604855795268823 -0.0618201091814085 -0.127655301068545 -0.0741093937413591 -0.0780370534873959 -0.0918597799139447 -0.0940586806762842 -0.0766744883713631 -0.0866021305362729 -0.12113636051452 -0.329219678392629 -0.190356719478412 -0.140846952794959 -0.139154381158703 -0.186172291690325 -0.123584822360893 -0.0962902045315082 -0.0327028249801946
-9999 -9999 -9999 -0.188000594351396 -0.0890692139033851 -0.0583288180513409 -0.0566145373602343 -0.102784792899801 -0.106003575640395 -0.138866919232993 -0.0853897103610889 -0.114086699553164 -0.0615859783540565 -0.0666564625005641 -0.0934511252190078 -0.229095301392632 -0.0953534516926394 -0.0897332203103467 -0.138060356346671 -0.194090889063428 -0.188550222565964 -0.129919328995437 -0.0712486529824947 -0.0678598740426959 -0.0671220810243859 -0.0375570850572102 -0.0714764812074341 -0.0732703267833694 -0.126740304893014 -0.13138404860251 -0.145094658464075 -0.0151900609999875 -0.105758459362279 -0.107125564501203 -0.176515895860056 -0.32802256945291 -0.191640600260976 -0.136839728164093 -0.129266521436207 -0.242401736619154 -0.18709813049116 -0.181716593763354 -0.330621193008203
-9999 -9999 -9999 -0.173802609302671 -0.102063715997248 -0.0722600253755859 -0.0685927693388863 -0.0875705377358648 -0.146371403701354 -0.149890372593699 -0.098304647570123 -0.121012520772872 -0.0699258941131196 -0.0665768976157353 -0.100933900632518 -0.0982033498262001 -0.263492086851828 -0.0976753116452657 -0.0907205506084469 -0.0849014070140822 -0.0804167930742437 -0.132490750032097 -0.184542997935099 -0.181971576898439 -0.126031451691814 -0.103970940192999 -0.047274948580501 -0.0726157343171753 -0.129232161044845 -0.0805686920816414 -0.139058529270075 -0.153076556045652 -0.155387573372975 -0.166212138325852 -0.22940357505376 -0.285991085768563 -0.182392895284398 -0.234926168163661 -0.24362776157174 -0.191304243529854 -0.141711276294285 -0.235568012599569 -0.22822765083996
-9999 -9999 -9999 -0.179831507734412 -0.122057754509437 -0.0991401026650689 -0.0662478192553597 -0.0993498575024447 -0.152400302133094 -0.112190222765743 -0.160671495632632 -0.0747685500346878 -0.077368887084215 -0.104680721554046 -0.0756943888355228 -0.12214312147199 -0.27338715353234 -0.0986120168756478 -0.0928326557236975 -0.0670651057457685 -0.0905107719668278 -0.0865650388332274 -0.0839755444090038 -0.0776573024508155 -0.190571896366839 -0.0796681336263866 -0.0745072181655032 -0.0762034254690461 -0.160670567472785 -0.0792522358146789 -0.081273933419797 -0.146917443857122 -0.207740007427729 -0.132860538994734 -0.166866730792047 -0.309169117518025 -0.225598898302254 -0.165774531459294 -0.227942467309731 -0.179325987746959 -0.189419966639543 -0.193734584380176 -0.20935750659356
-9999 -9999 -9999 -0.0883033378150816 -0.164038589321823 -0.105089436211981 -0.122193794148195 -0.119264331129805 -0.166371291899753 -0.163720305978265 -0.0845442693879566 -0.0800596554481181 -0.25333026625108 -0.113440170792104 -0.11082896731303 -0.137005184340406 -0.14131980208104 -0.262561231307657 -0.104680697749803 -0.0971870559067458 -0.0649927830729322 -0.0614846568058902 -0.0576401976119693 -0.0806482569664702 -0.0825795232572125 -0.195175857633921 -0.191888352633802 -0.0814221967599076 -0.135669750330276 -0.0787350640632916 -0.135640834317409 -0.139507002566181 -0.0966373324752041 -0.149438239826063 -0.15298614853552 -0.149658861092986 -0.235872835467986 -0.208282523901254 -0.207823207979845 -0.217020264084461 -0.188590885559739 -0.18886936265664 -0.177260015285022
-9999 -9999 -9999 -0.0751216228815676 -0.171441799850504 -0.167376719389661 -0.116988103305804 -0.169101842706071 -0.229595280307816 -0.116778324664185 -0.0917087852621511 -0.0880415292254515 -0.265916101295495 -0.262527322355696 -0.119707763878331 -0.117913918302395 -0.142216724869008 -0.124464981424616 -0.246563550996786 -0.107740350720739 -0.0964709719432865 -0.0681211583033938 -0.0647323793635951 -0.0605877340179225 -0.0888362737181357 -0.0864059090635697 -0.0824203934875548 -0.19280698447662 -0.195316914016015 -0.222867443140332 -0.0813354249170622 -0.0819321615532783 -0.0881889120142014 -0.0924022796193991 -0.148143492613952 -0.196112586668546 -0.278829301206051 -0.193443527359494 -0.193562874686737 -0.193841351783638 -0.194159611322953 -0.248544585608129 -0.189913692037601
-9999 -9999 -9999 -9999 -9999 -0.240137732496505 -0.180212091713866 -0.256106472990266 -0.266643051688501 -0.202448425293853 -0.184696681849461 -0.105140894222573 -0.102290996089012 -0.27050919613303 -0.128626342886046 -0.113724497575215 -0.110057241538516 -0.134200918335471 -0.130334750086699 -0.253529154658908 -0.110749378623957 -0.107979045375226 -0.0704321756307165 -0.0683200705154658 -0.0649132181881034 -0.0603092569210217 -0.0828797094089641 -0.0818851483486039 -0.0860876495242545 -0.196720165930066 -0.198832271045317 -0.195335011207822 -0.197168639226172 -0.195664137176684 -0.219746322476374 -0.215164070264143 -0.269371841392097 -0.183548460678982 -0.182072874642362 -0.236418066485123 -0.23556092613957 -0.179501453605702 -0.141914801418778
-9999 -9999 -9999 -9999 -9999 -0.107412152911724 -0.273199988301176 -0.223010284429391 -0.2482895786688 -0.28033556435826 -0.199524811961674 -0.168704851224801 -0.164560205879128 -0.332040612904836 -0.334152718020087 -0.19250855942759 -0.119753396006956 -0.115807662873355 -0.133025518450602 -0.214205155454222 -0.169221142424827 -0.111646301411925 -0.0818426107902631 -0.0990206839250956 -0.0933823791552393 -0.0883408110215991 -0.085650042657696 -0.143742055421986 -0.196083646851436 -0.0876500312079634 -0.0850099117160217 -0.0869628870616148 -0.078601262247701 -0.141297236279072 -0.247716385079686 -0.18335677922917 -0.178854091901768 -0.177360432477584 -0.172836036095331 -0.223553754343807 -0.168629899252393 -0.222157733192016 -0.216646006511663
