sesion_7_reto_final/reto_final/modelo_enebrales2050.asc
NCOLS 708 
NROWS 329 
XLLCORNER -7.525 
YLLCORNER 35.991667 
CELLSIZE 0.008333 
NODATA_value -9999 
[rows 228 to 246 of 329, columns 387 to 429 of 708]
-0.191183902189406 -0.126629019794104 -0.282040804099098 -0.257806719792011 -0.200170411086087 -0.192090858464047 -0.185847212255837 -0.239458222943332 -0.207104820339861 -0.215759359970952 -0.221423009462946 -0.381571142238421 -0.369226215867416 -0.383592816039296 -0.262338306364209 -0.197917185212184 -0.207496747469308 -0.186018534886432 -0.147849624355883 -0.110589343021896 -0.205287844060711 -0.274092281408652 -0.203598924859813 -0.200503101309506 -0.168594448154052 -0.166684890918161 -0.142703915181593 -0.136128905181354 -0.169010322161517 -0.177863838381237 -0.170619733817971 -0.145293426373887 -0.14415421383646 -0.201255236831119 -0.211768773006941 -0.233150227868785 -0.268909084955498 -0.279013906473386 -0.288417122320405 -0.265820485131279 -0.168437542135216 -0.104485293670828 -0.0932628231491782
-0.200701972949264 -0.120039572073589 -0.10193112011503 -0.165093705206629 -0.131721324980507 -0.206108925811938 -0.241125514234008 -0.214631037667315 -0.203274863242774 -0.157515512575822 -0.288186819071088 -0.200376554060419 -0.195609827356392 -0.189696640584608 -0.337627822922701 -0.348175268050484 -0.323767592449219 -0.178687641712249 -0.206914512929926 -0.217992210257566 -0.283906926457218 -0.343626424265525 -0.196890089239741 -0.158645225687407 -0.151010544230326 -0.153458982272456 -0.077906783609146 -0.071031587457156 -0.162004976629294 -0.224719024048229 -0.246465792226376 -0.203877330543984 -0.198828531648083 -0.204893576854951 -0.216564439528078 -0.251244201534753 -0.254616176177993 -0.261451630459883 -0.265382925873207 -0.199634505828916 -0.187168018111744 -0.244954011806142 -0.17681230204226
-0.0990342087767953 -0.181295266864421 -0.2513872682707 -0.161675969681648 -0.210206517380622 -0.224097989870939 -0.198219680599833 -0.218316350323508 -0.299864871934161 -0.320402784191681 -0.311791598293734 -0.203337671439531 -0.171378457592917 -0.171819700126762 -0.168322440289268 -0.171382117064447 -0.167722067985764 -0.337893243375375 -0.231202865008191 -0.240446934317482 -0.279841869800617 -0.343687939567033 -0.195103474426065 -0.164504111151872 -0.158858575619755 -0.177620732456975 -0.159332386601826 -0.215485861740799 -0.212870982022124 -0.239290433726878 -0.223782318817847 -0.208926129439884 -0.231139444301701 -0.178555522550477 -0.178631451768019 -0.229866341767882 -0.248157006590826 -0.238305310411529 -0.187410389005831 -0.183967308758713 -0.1977357982545 -0.253930453680008 -0.245644758083636
-0.140453701929847 -0.14561461739073 -0.160547664146082 -0.21835481606643 -0.13714622247763 -0.212749005636344 -0.175132080164747 -0.229582181614474 -0.22450083103842 -0.242333472835203 -0.176462110368696 -0.18079258747797 -0.141480788170393 -0.133806307502828 -0.157935506007192 -0.163419673946484 -0.166012804037994 -0.169618568577429 -0.261311717952627 -0.347379643006439 -0.364280095791488 -0.355587987736906 -0.218989009141093 -0.208853866730045 -0.206531982973175 -0.206401769216385 -0.23284563748343 -0.16047609858983 -0.234856404282444 -0.186254467388819 -0.186315999458399 -0.15481606096088 -0.166107108220869 -0.186201046632861 -0.262675448429719 -0.249030846284066 -0.245513251431597 -0.186256681407743 -0.174806440001538 -0.18370692885362 -0.238703141871845 -0.249818383818734 -0.190720926796466
-0.156417456520687 -0.151650753620903 -0.125663469963585 -0.201732840378282 -0.207396449297962 -0.202734632200902 -0.222612982857379 -0.239299164586405 -0.178035358481952 -0.175095029034015 -0.163178305320699 -0.133177059758771 -0.137368718309118 -0.152373194831435 -0.149411180132891 -0.214963402508722 -0.278743488363469 -0.283671558856076 -0.232659504142059 -0.243894950163308 -0.263724865966747 -0.276798932945438 -0.321470536121728 -0.363854188297351 -0.254129437304811 -0.305270324699568 -0.279643831103733 -0.250852774929995 -0.256165589398276 -0.108810808681425 -0.173581836697315 -0.176277104511796 -0.193079902256381 -0.24244138179548 -0.230231678888429 -0.229768767872047 -0.180231378070975 -0.187569525811662 -0.176452005469293 -0.232558467403591 -0.224837078480223 -0.183097176145491 -0.180417169262263
-0.120441063005436 -0.219298775863316 -0.107960096995674 -0.199863089389049 -0.18506751095699 -0.244436197545828 -0.231832265309606 -0.192655155405152 -0.183414657386591 -0.152460911602198 -0.146551336693458 -0.162948198700279 -0.173497881651228 -0.151563067690556 -0.305658355156273 -0.200117199008946 -0.170482647839371 -0.192464427396231 -0.234934374694255 -0.197927242503101 -0.221352056416427 -0.283117174903627 -0.389139356027214 -0.359782757625608 -0.410742806195857 -0.40444627329252 -0.254713974043917 -0.265865362765932 -0.235468571175341 -0.235526467577633 -0.149232904513562 -0.289455697232129 -0.302757640044247 -0.298938501768221 -0.225960519829811 -0.222947856259306 -0.139413743246348 -0.129526787879457 -0.221902565182356 -0.261976597874777 -0.25323162692931 -0.266454004856599 -0.194329446451827
-0.228092157857578 -0.208629728817052 -0.197231064442657 -0.180264620709766 -0.132858871632186 -0.214479751169651 -0.226324157528469 -0.22114968489867 -0.19021758379257 -0.175921079920092 -0.205590921117677 -0.201710274576314 -0.25011333983018 -0.238894586120446 -0.30256980294054 -0.218529425178056 -0.148965485756955 -0.157164345133924 -0.185146130913901 -0.208881997408525 -0.226556389987012 -0.232898555018974 -0.340714581718497 -0.374741101494611 -0.360184217717039 -0.418247314468461 -0.34770912519773 -0.326567245541733 -0.234139915011269 -0.279337342349569 -0.250325664908908 -0.304627438641968 -0.305466546172271 -0.239049072137266 -0.22840171034161 -0.201400928453078 -0.112156152743451 -0.109736630714189 -0.214463248450861 -0.206984084900395 -0.257929590801497 -0.270638456448929 -0.266783090253147
-0.286992947527113 -0.237232698635951 -0.204814233244485 -0.18555217863671 -0.209033199262337 -0.179058615122039 -0.159396749540509 -0.187118172183462 -0.185479796905654 -0.239264398887327 -0.251741753034046 -0.211945333655236 -0.235025727132305 -0.217510440519233 -0.212689493652516 -0.142778354874988 -0.138355232432415 -0.121748551211661 -0.135925683952652 -0.182376654412286 -0.202734608396659 -0.217031088464894 -0.248515127021458 -0.384794465001907 -0.36795636046124 -0.342597501337002 -0.295866655936347 -0.317046960762952 -0.398280858501577 -0.372820725437659 -0.434583589333621 -0.346539598803315 -0.342908530114057 -0.250792252164891 -0.209046452535461 -0.124181486107579 -0.11211639410528 -0.113436462235287 -0.165354061307479 -0.211096178565913 -0.27720260001962 -0.293672700504614 -0.296427691677465
-0.289216248083672 -0.247666669926945 -0.168800845938889 -0.0909548465887023 -0.228230191082118 -0.250254515233491 -0.272966840278331 -0.279769695271579 -0.170102800109017 -0.174066606630181 -0.257557260961123 -0.199693076421773 -0.241806880106876 -0.222743649530371 -0.223792471325737 -0.160922929804431 -0.122819082061877 -0.131408558904974 -0.141441046300292 -0.166808016738151 -0.201143310700083 -0.227378264108798 -0.315905493634287 -0.347911696881333 -0.45003294405707 -0.392832861141655 -0.316076346580609 -0.384289040231427 -0.3987532786757 -0.48207396061168 -0.39792144247997 -0.383135349401409 -0.282982913135661 -0.256347380186875 -0.220362868321832 -0.13992466000381 -0.119808971964653 -0.198192971569716 -0.192268958940699 -0.220698313661177 -0.302638292717004 -0.323404913750825 -0.295596736033096
-0.216626128495463 -0.236469665844375 -0.178482522114738 -0.203421871564225 -0.244721953013476 -0.247137839375451 -0.250996736289648 -0.288959544418179 -0.170775530339333 -0.18577365665075 -0.208228333102179 -0.209450746191722 -0.199085497160253 -0.20201859584593 -0.277136735129168 -0.273205480288158 -0.203818784596592 -0.212335903512876 -0.218205672174959 -0.226994061230128 -0.266530053095357 -9999 -9999 -9999 -9999 -9999 -9999 -9999 -9999 -9999 -9999 -9999 -9999 -9999 -9999 -9999 -9999 -0.354090280301547 -0.337066820717725 -0.374555834632256 -0.296761317096905 -0.413781630663304 -0.381785389490202
-0.178714026579279 -0.138082135337452 -0.237702945363465 -0.268197375226449 -0.263879162390842 -0.32780839213706 -0.354588576562913 -0.342000026974886 -0.259980418657673 -0.261640455381845 -0.171853268147565 -0.157709527065775 -0.23742801575305 -0.25868201197403 -0.3495867432632 -0.235807778239363 -0.201689446072824 -0.172945443676074 -0.208875671001869 -0.214466962567051 -0.226145032198195 -9999 -9999 -9999 -9999 -9999 -9999 -9999 -9999 -9999 -9999 -9999 -9999 -9999 -9999 -9999 -9999 -0.285714868822272 -0.35373721449084 -0.17978530922774 -0.375257487911611 -0.410943147092466 -0.346156777000694
-0.250280645290016 -0.212821451743957 -0.213765387736599 -0.209447134328678 -0.2199209286344 -0.268660326815145 -0.279159360894133 -0.281813982482909 -0.147714090801187 -0.207624389507946 -0.21601495413897 -0.192453511881397 -0.195798872711495 -0.221718321696821 -0.381468630048153 -0.371363784726021 -0.335580463468531 -0.364458291485115 -0.362595723649654 -0.397180578695619 -0.394965842368883 -9999 -9999 -9999 -9999 -9999 -9999 -9999 -9999 -9999 -9999 -9999 -9999 -9999 -9999 -9999 -9999 -9999 -9999 -9999 -9999 -9999 -9999
-0.3462305398078 -0.379571296513614 -0.35693214557039 -0.356950218957954 -0.363716910408004 -0.389784646537685 -0.425548537135806 -0.362613868449948 -0.34573234579958 -0.28159697307903 -0.304764162203188 -0.308666477227087 -0.36835342335524 -0.37079463063511 -0.303041252905702 -0.440598621982504 -0.304505972512775 -0.148310779828916 -0.260071682914922 -0.386856016462169 -0.403801244628726 -9999 -9999 -9999 -9999 -9999 -9999 -9999 -9999 -9999 -9999 -9999 -9999 -9999 -9999 -9999 -9999 -9999 -9999 -9999 -9999 -9999 -9999
-9999 -9999 -9999 -9999 -9999 -9999 -9999 -9999 -9999 -9999 -9999 -9999 -9999 -9999 -9999 -9999 -9999 -9999 -9999 -9999 -9999 -9999 -9999 -9999 -9999 -9999 -9999 -9999 -9999 -9999 -9999 -9999 -9999 -9999 -9999 -9999 -9999 -9999 -9999 -9999 -9999 -9999 -9999
-9999 -9999 -9999 -9999 -9999 -9999 -9999 -9999 -9999 -9999 -9999 -9999 -9999 -9999 -9999 -9999 -9999 -9999 -9999 -9999 -9999 -9999 -9999 -9999 -9999 -9999 -9999 -9999 -9999 -9999 -9999 -9999 -9999 -9999 -9999 -9999 -9999 -9999 -9999 -9999 -9999 -9999 -9999
-9999 -9999 -9999 -9999 -9999 -9999 -9999 -9999 -9999 -9999 -9999 -9999 -9999 -9999 -9999 -9999 -9999 -9999 -9999 -9999 -9999 -9999 -9999 -9999 -9999 -9999 -9999 -9999 -9999 -9999 -9999 -9999 -9999 -9999 -9999 -9999 -9999 -9999 -9999 -9999 -9999 -9999 -9999
-9999 -9999 -9999 -9999 -9999 -9999 -9999 -9999 -9999 -9999 -9999 -9999 -9999 -9999 -9999 -9999 -9999 -9999 -9999 -9999 -9999 -9999 -9999 -9999 -9999 -9999 -9999 -9999 -9999 -9999 -9999 -9999 -9999 -9999 -9999 -9999 -9999 -9999 -9999 -9999 -9999 -9999 -9999
-9999 -9999 -9999 -9999 -9999 -9999 -9999 -9999 -9999 -9999 -9999 -9999 -9999 -9999 -9999 -9999 -9999 -9999 -9999 -9999 -9999 -9999 -9999 -9999 -9999 -9999 -9999 -9999 -9999 -9999 -9999 -9999 -9999 -9999 -9999 -9999 -9999 -9999 -9999 -9999 -9999 -9999 -9999
-9999 -9999 -9999 -9999 -9999 -9999 -9999 -9999 -9999 -9999 -9999 -9999 -9999 -9999 -9999 -9999 -9999 -9999 -9999 -9999 -9999 -9999 -9999 -9999 -9999 -9999 -9999 -9999 -9999 -9999 -9999 -9999 -9999 -9999 -9999 -9999 -9999 -9999 -9999 -9999 -9999 -9999 -9999
