sesion_7_reto_final/reto_final/modelo_enebrales2040.asc
NCOLS 708 
NROWS 329 
XLLCORNER -7.525 
YLLCORNER 35.991667 
CELLSIZE 0.008333 
NODATA_value -9999 
[rows 95 to 113 of 329, columns 387 to 429 of 708]
-0.17977181707096 -0.155951392752413 -0.199453970058976 -0.137824915014778 -0.13237467983169 -0.141622384808267 -0.20717548773546 -0.167202705178475 -0.270993457663812 -0.268126342889804 -0.261432009366566 -0.303479852944243 -0.14134757421907 -0.0954897285326083 -0.0835223629835033 -0.0976624922022502 -0.0874998148543844 -0.0873876982894011 -0.0880748662399931 -0.14497340573185 -0.150156030247585 -0.151042110410249 -0.107803531907995 -0.11571307156276 -0.167371130708905 -0.10857387660646 -0.106364133218817 -0.164875679462101 -0.304009908515203 -0.224555418632238 -0.181353010709355 -0.304072263795758 -0.277805639258249 -0.287830919695551 -0.204785102993428 -0.209309499375681 -0.18484756303941 -0.174350766783589 -0.230290891990213 -0.159130661933443 -0.249887106078259 -0.16799138511118 -0.223012878474986
-0.20259989434807 -0.225254928464177 -0.214741416092599 -0.147123245059073 -0.141868286420771 -0.202857210523295 -0.260421208910894 -0.217056076123381 -0.238673987816544 -0.232820935270219 -0.173303985341271 -0.294568504698787 -0.141705616200799 -0.0964879252602555 -0.0912546756768033 -0.0847375453107863 -0.106411098815004 -0.0968957831710728 -0.155754528770783 -0.155834093655612 -0.100971730061464 -0.109879466443875 -0.168148682365386 -0.17417760460137 -0.180662183287233 -0.176061857687438 -0.173671275475286 -0.114881252135101 -0.286947547040327 -0.12578174630552 -0.216755199854216 -0.194304094693516 -0.204766981997377 -0.152714734094375 -0.154439881215029 -0.164103484003314 -0.174969188670412 -0.149729676873418 -0.208440135328774 -0.180390507840633 -0.182303700743812 -0.229331096628931 -0.282681727411332
-0.268254247410698 -0.236723219453702 -0.226036099019875 -0.217435779551474 -0.233188915521648 -0.264377784669798 -0.211475627183503 -0.15537637220722 -0.15561509066595 -0.190279510596744 -0.154360149700496 -0.285649925691072 -0.140389159933837 -0.101359497194691 -0.095381247634912 -0.117481541576142 -0.119485165793696 -0.170691139780692 -0.111373102063816 -0.111673288215567 -0.107449077985066 -0.11362626356116 -0.173660409045739 -0.180832155682194 -0.126685876051505 -0.135018584852551 -0.128638851397098 -0.163994051141527 -0.223641214827266 -0.276532529688258 -0.143528496810819 -0.146989609873187 -0.196944254757772 -0.204803145540575 -0.151622510957379 -0.165322278193641 -0.166555533908488 -0.144585453724048 -0.217818006453656 -0.175155877181131 -0.174537431490064 -0.181184775612872 -0.232242462455514
-0.256383139057936 -0.239761163369788 -0.220477359134847 -0.157452282938857 -0.149680187803143 -0.19713934086861 -0.146370997552416 -0.147727260066036 -0.156161202234448 -0.150251651129951 -0.148689293250486 -0.19824247804364 -0.245264024242549 -0.102892939061289 -0.126707513693625 -0.12219398374092 -0.176589824455642 -0.179399940146789 -0.117391134066009 -0.0928894152873244 -0.118837804089762 -0.178383693835821 -0.126071042223482 -0.135022196715595 -0.135752718399331 -0.11027451194785 -0.112885715426924 -0.166514823306226 -0.146787038189584 -0.315305424385353 -0.201255213026876 -0.148237320076381 -0.145300650099974 -0.152848512105722 -0.223595082173952 -0.226991091876011 -0.207849200770282 -0.176403587384325 -0.231963961554369 -0.183018379826978 -0.157080857454088 -0.197999790022638 -0.195381379585547
-0.250046847516427 -0.232017984246941 -0.170638490286775 -0.157604205750498 -0.211063341234839 -0.147148573013141 -0.201819255157477 -0.207229731702394 -0.20842322877907 -0.207117638941654 -0.201030884679936 -0.199218965716436 -0.220183642215212 -0.13361526152577 -0.12860263320924 -0.183606053185483 -0.185309491251286 -0.131481471159912 -0.126888376322377 -0.12672924655272 -0.132110783280526 -0.188687427565781 -0.130844975885525 -0.111771783235077 -0.117489652889762 -0.116972481138375 -0.121916410999623 -0.115836863695921 -0.146042014409014 -0.207631287010799 -0.289411296317921 -0.157007611939742 -0.160277043552298 -0.166671214728028 -0.175524690375434 -0.263420393761386 -0.235153780673609 -0.236520885812533 -0.299173441734203 -0.184193755907603 -0.189495727750581 -0.173975436748683 -0.169700601450463
-0.18961126574466 -0.232596671299837 -0.223388772569916 -0.220068715889643 -0.262663503978691 -0.204622140086363 -0.146931611217748 -0.143669410367453 -0.207168264009372 -0.208054344172036 -0.153578962376728 -0.145499450327002 -0.279769314403685 -0.134320479059682 -0.187580702331951 -0.18376518295514 -0.128262664615074 -0.127694867795969 -0.129966102680877 -0.18570731567543 -0.18792069473036 -0.131702092426834 -0.167704677679442 -0.111164180169314 -0.139513993809207 -0.145315064016008 -0.150486822102195 -0.149607972701791 -0.158446986824677 -0.157322212007527 -0.208379898850169 -0.300380465139379 -0.31084335244324 -0.175654856523738 -0.18049030548729 -0.182327569172926 -0.177980375947895 -0.191231669888051 -0.245305615396172 -0.30691662085705 -0.193542711019617 -0.207844184026945 -0.203272798244261
-0.236791965517471 -0.174841015266669 -0.21811574054405 -0.213924105797946 -0.156479478541834 -0.144211903036734 -0.231199841009415 -0.144826736864758 -0.225767703018134 -0.154841198481 -0.149463256848166 -0.151976822054848 -0.28314001995592 -0.132740047792653 -0.189707285739792 -0.127278946180018 -0.123712964082998 -0.1282156514104 -0.188351070834658 -0.137452513761674 -0.13962611037419 -0.135843142677534 -0.111207574474772 -0.118122553069176 -0.149600741939531 -0.202213579703622 -0.240357186084347 -0.208159277583246 -0.218513660185167 -0.216604102949276 -0.164313160391787 -0.176953215598894 -0.323277264676014 -0.181058078502152 -0.154086212626487 -0.159724517396343 -0.17068286739674 -0.192624031568312 -0.192765087950406 -0.247041581337885 -0.250748619817 -0.264362948677979 -0.206082890131164
-0.228593106140501 -0.164819394300897 -0.162804927458039 -0.296235748380976 -0.290047720179578 -0.291660726931005 -0.291194204051579 -0.287414831449896 -0.287682465921494 -0.283526977950517 -0.291555864932525 -0.28963546507133 -0.279284694332452 -0.268991803227796 -0.266941189609811 -0.176814033781365 -0.187378195024906 -0.190166601661201 -0.142642345235425 -0.140938930973865 -0.114961626158561 -0.117265412723623 -0.120892886317908 -0.122636083021882 -0.177480373228467 -0.151513911038466 -0.156588030852261 -0.214470264974931 -0.220191770296903 -0.223367134927796 -0.233808313176806 -0.239866151425657 -0.339331419740813 -0.196211675111696 -0.202171875088155 -0.177728012139448 -0.178067980733614 -0.170379062345772 -0.156646807805913 -0.241388791239266 -0.195567972879292 -0.263068177661624 -0.266326766648875
-0.304756502964548 -0.30706752029187 -0.361322304624499 -0.212184527993189 -0.237225127578111 -0.153665774791888 -0.150559108616277 -0.142996768317938 -0.144092603317978 -0.146891876383821 -0.148150436248491 -0.145861127976019 -0.217731609078109 -0.236884366613386 -0.237343682534795 -0.319695083755996 -0.302947410529705 -0.276713297100036 -0.149716453599487 -0.149108874337967 -0.122165924475169 -0.167706891698365 -0.146344390775446 -0.144112938332952 -0.143306423055117 -0.144434809735311 -0.17694011134618 -0.184383104317275 -0.19045178519143 -0.20127271447702 -0.203352244107873 -0.355716058046281 -0.274825740764866 -0.36354964467926 -0.234722808827648 -0.237243580992347 -0.205465205970241 -0.19889383163729 -0.181628106108251 -0.239271669380679 -0.209055676042282 -0.205938191045611 -0.260301456275935
-0.165604224328125 -0.160262470042733 -0.217906033315161 -0.156096139446454 -0.15572725483942 -0.189335622212589 -0.128842184610844 -0.128245447974628 -0.122784346361993 -0.151991324151682 -0.152005761871959 -0.212412427630858 -0.228140235646965 -0.218476632858679 -0.302705080207932 -0.169191082537122 -0.143582686133094 -0.206694557976173 -0.29231539080993 -0.238469297330992 -0.155318611594216 -0.179674281051713 -0.152402229024297 -0.154445611880022 -0.158402187638926 -0.160405788052238 -0.163624570792832 -0.172821626897448 -0.177812546159127 -0.214520348945646 -0.275672014680872 -0.285407951591727 -0.24005367287925 -0.297715285734998 -0.394811680892853 -0.25307709098598 -0.230626009629524 -0.21352662082816 -0.215392824330908 -0.286858233478523 -0.219851301178048 -0.214896528691497 -0.205088257658074
-0.122010382764312 -0.181458634237979 -0.128068221013163 -0.131225536060735 -0.157488548735201 -0.157040099243339 -0.129109819082441 -0.160956916364072 -0.189024617239777 -0.186861887056808 -0.243080489360334 -0.152277032010843 -0.151532008230273 -0.207772319588649 -0.200636719727322 -0.146461524083766 -0.150855706709228 -0.15744879009703 -0.216936824013111 -0.214625806685788 -0.307910253757563 -0.181667038839721 -0.187536807501804 -0.182694151580235 -0.157903089275103 -0.168127258120234 -0.173179668879178 -0.174326128946935 -0.187071093761008 -0.220520307560276 -0.289274096036255 -0.244914378384138 -0.253485758035428 -0.325433048906421 -0.413636145402141 -0.278657404320015 -0.285648376508518 -0.263333811511266 -0.265402522321058 -0.335909540987684 -0.296261432557472 -0.277559927238471 -0.274442418437556
-0.174362840623309 -0.122567360762357 -0.128227374587064 -0.127359391616207 -0.123482380742132 -0.129482363161005 -0.156215534382184 -0.157597077241384 -0.242273997886742 -0.242433127656399 -0.153145038785943 -0.157083541157284 -0.153336720235756 -0.203992946986966 -0.153893674429557 -0.21136724150278 -0.159372849429756 -0.159351140374905 -0.165340256364231 -0.162331228461013 -0.168859225256577 -0.31994412754727 -0.326092373306253 -0.189261930818214 -0.216703955240592 -0.190777275493005 -0.204788047702079 -0.210317847769996 -0.187411038550931 -0.225547414169396 -0.292576055524722 -0.256158453011767 -0.271821990610439 -0.295738672125329 -0.369837850553987 -0.472460410112472 -0.381562909585562 -0.362434663829549 -0.338047799963703 -0.298934960476685 -0.30837708525093 -0.234672159955687 -0.224129731571241
-0.205360028321647 -0.121211145857224 -0.125236443875653 -0.123203903645231 -0.158479562309075 -0.145980499107506 -0.155159505628802 -0.216097780859365 -0.186981258188295 -0.164063606343926 -0.155665834754885 -0.158844835053065 -0.189784143117181 -0.213388939107898 -0.161694733186626 -0.217294889799084 -0.249239601548864 -0.192362771111858 -0.16689540728568 -0.140422639773839 -0.169879131039075 -0.183793622247562 -0.189482552085137 -0.33123519157533 -0.333437704200713 -0.337553409729275 -0.341629332815422 -0.21070844143188 -0.21981506622212 -0.22655281785506 -0.294890684715088 -0.260375408675765 -0.259359971503428 -0.32254143912122 -0.373054727889599 -0.549953669033963 -0.449237031044083 -0.403978724718251 -0.3011817003504 -0.332554146670914 -0.254581616839711 -0.239720935047344 -0.201219310489132
-0.152725505306949 -0.125952551643356 -0.121608994085611 -0.122665046643236 -0.1499479651002 -0.209233451136922 -0.213866352221114 -0.163456027082407 -0.158743584917629 -0.155814121899239 -0.163376462197578 -0.162559104294439 -0.214911538349193 -0.157018437796975 -0.160765258718504 -0.164960529131894 -0.202371335433402 -0.211987925017014 -0.161172568496145 -0.155700600453963 -0.134059622434143 -0.155704212317007 -0.267475958028316 -0.189833363304606 -0.192632612566206 -0.198303469016216 -0.260739015534007 -0.347907768526952 -0.30027861926228 -0.230947000480523 -0.298377101927279 -0.291499167427434 -0.289966558503709 -0.334143531926336 -0.421426971725616 -0.690231387323906 -0.537478885128596 -0.515689835679412 -0.311387795807967 -0.332593969685642 -0.249225401029799 -0.237930725138695 -0.201497787586033
-0.157296914893876 -0.128270799732938 -0.123467926253785 -0.155644125700035 -0.158504890263142 -0.213605948511777 -0.157387346208252 -0.157000388213655 -0.128042971507999 -0.153354841231806 -0.213139425632351 -0.211515552451377 -0.154222824202663 -0.155130589615934 -0.129547473557486 -0.157622445767765 -0.143429453658134 -0.155552337113852 -0.247491411905797 -0.159754838289503 -0.1292856887721 -0.243809694344577 -0.157610174457925 -0.15876750095523 -0.156554098096057 -0.195572918209899 -0.203185883575956 -0.206802490740694 -0.278337455090708 -0.368446513727347 -0.322065098470112 -0.313566885884265 -0.27943133707728 -0.373031305340514 -0.457312091251718 -0.430041752718536 -0.552470829335618 -0.487935901928618 -0.441422607028845 -0.463272506943168 -0.381111913656591 -0.31576136564493 -0.216314194521582
-0.152823167383585 -0.146360297752573 -0.116936358167491 -0.152096240794821 -0.214173769135126 -0.210448657268448 -0.139347680885776 -0.115515032865876 -0.116719372567855 -0.17966847897399 -0.214633085056535 -0.158215570540938 -0.15275810459559 -0.13259271261239 -0.134151434824568 -0.130118906043879 -0.112092321169873 -0.147154565524811 -0.330504676927766 -0.248319636238483 -0.218595486697406 -0.163584835958904 -0.162391338882228 -0.166847013004956 -0.195048539500495 -0.193938202403621 -0.203446287285293 -0.259914426868608 -0.269140398986092 -0.280699097485749 -0.296095024417067 -0.387459047823403 -0.349927513118602 -0.290570525902185 -0.369798044307329 -0.415196597876624 -0.326154434422915 -0.352318952077871 -0.411726564362006 -0.30196479307915 -0.232469599721817 -0.275581583366496 -0.264294155005724
-0.1994685982132 -0.144808782498411 -0.118509582476504 -0.179220029482128 -0.20708881814576 -0.147058332132712 -0.141532143927839 -0.105941861391966 -0.13225549913415 -0.143759960703045 -0.20189898667201 -0.158324075242877 -0.128599949506044 -0.133612577822573 -0.133146031138904 -0.124469758648719 -0.1430605690511 -0.150362505640102 -0.302823957850902 -0.161042378543598 -0.16856857206681 -0.198885774968328 -0.196495192756177 -0.204466200103963 -0.202842326922989 -0.256344856712788 -0.257502159405849 -0.260670293274482 -0.211598133457587 -0.220466063593342 -0.284615890802239 -0.240194681652857 -0.393198626532939 -0.402037640655826 -0.418637907289123 -0.281228801552431 -0.273666461254093 -0.252483942408564 -0.374598371349374 -0.27951646683862 -0.216288866567515 -0.204408272861255 -0.250561836089307
-0.137741904896609 -0.134197631854439 -0.138081873490775 -0.144089086671908 -0.203342021028475 -0.146345843264225 -0.11002863413959 -0.10694367701883 -0.137604507986045 -0.196390895658943 -0.201967708931535 -0.147481460706679 -0.128133426626618 -0.125431791833168 -0.123590933052558 -0.124382986805873 -0.258727422828292 -0.292990382667655 -0.217289920664234 -0.220468920962414 -0.221666029902133 -0.256431699968363 -0.259947033193422 -0.256221921326744 -0.291906223235793 -0.201666927038121 -0.212419134064186 -0.211363057702317 -0.216281683413741 -0.268482170852611 -0.27616749414548 -0.224871088844108 -0.228238158729056 -0.3799943696017 -0.306536202666077 -0.3021022375982 -0.29385272934927 -0.23011156918982 -0.207294334538014 -0.389312695206612 -0.196947206502596 -0.18813713219682 -0.171927459225407
-0.137416438399277 -0.132931824459438 -0.196658506326297 -0.201012930313589 -0.145976958657192 -0.150740049693931 -0.140765418128591 -0.13901135499507 -0.136241021746338 -0.191005747068094 -0.137676825340543 -0.124619450673366 -0.129292110395729 -0.186479969609791 -0.189253914721567 -0.220862293544468 -0.24182197710415 -0.310850630813986 -0.23434365353273 -0.236846352309865 -0.181542746181871 -0.193963577966175 -0.252446184392349 -0.203630792617504 -0.204574704805903 -0.216502311716837 -0.185335151623538 -0.184358640146498 -0.216426334890808 -0.261635938321975 -0.262927090439114 -0.264699203155955 -0.272999336472604 -0.274688272441572 -0.221250869816326 -0.223532947326538 -0.267784160276715 -0.254511181085951 -0.183815259889683 -0.362148291134018 -0.161005256000137 -0.162205960034829 -0.132076802915835
