sesion_7_reto_final/reto_final/modelo_enebrales2020.asc
NCOLS 708 
NROWS 329 
XLLCORNER -7.525 
YLLCORNER 35.991667 
CELLSIZE 0.008333 
NODATA_value -9999 
[rows 200 to 219 of 329, columns 344 to 386 of 708]
-0.384725835641333 -0.593120182296497 -0.549765892134288 -0.483334820358052 -0.486025588721956 -0.487819434297891 -0.435427217800723 -0.486394497133232 -0.419134368081437 -0.525922425293328 -0.455034822647247 -0.502135933730985 -0.378407641291631 -0.427172384194514 -0.418044026545179 -0.351261262998114 -0.403801742835392 -0.343984582950449 -0.33049680837473 -0.339273450448991 -0.341160458650985 -0.245988122825855 -0.173060749187093 -0.141698336353252 -0.136016613473695 -0.197595067254419 -0.14841077410447 -0.284076683137188 -0.19801821963263 -0.135926277376292 -0.156590720114829 -0.157697421544416 -0.182948727930805 -0.27587513302085 -0.308841988376295 -0.407410333903483 -0.334252353119612 -0.401592047056236 -0.358646423943474 -0.423374914401024 -0.377431106010348 -0.382686040844407 -0.35858932964364
-0.591928066295871 -0.648600991581713 -0.464340335845316 -0.419112635222343 -0.421882968471075 -0.424533954392564 -0.426327799968499 -0.429137915659645 -0.478152219646562 -0.478810447780043 -0.52672891676692 -0.514920657183229 -0.509181078473693 -0.438083697185994 -0.429074686863902 -0.362331705759251 -0.364875544250606 -0.398863638856112 -0.403286737494442 -0.381225345444266 -0.292945439179644 -0.188583270975985 -0.179856397222325 -0.142985828998861 -0.143264329900005 -0.200394292711775 -0.201186329697019 -0.0957799035251299 -0.092268182163115 -0.246362112357026 -0.265499034327906 -0.242798391887416 -0.297576221461886 -0.292565830968524 -0.374149165886741 -0.385639165931116 -0.3967204751218 -0.345496427747241 -0.354382431270559 -0.424242897371881 -0.373854257483781 -0.378519662639641 -0.409607210239624
-0.615970469153147 -0.445674953497199 -0.458499483196101 -0.461428946214491 -0.458096665832864 -0.45907315350566 -0.475609714622769 -0.534240608193297 -0.535994671326818 -0.478799581350496 -0.475750771004863 -0.471765255428848 -0.409069281397477 -0.393991590201231 -0.433259090847746 -0.422575582276962 -0.341748113764619 -0.392755151735299 -0.384813036596137 -0.233986300191614 -0.260476301111973 -0.27783518926707 -0.269046824016145 -0.291584724823933 -0.214578672983097 -0.213417734622748 -0.105700291123536 -0.180409763357326 -0.240407762066778 -0.273310911906034 -0.279578528796505 -0.281032429582517 -0.296135424928587 -0.361750019353044 -0.319767827268852 -0.386380594616713 -0.386821813346315 -0.333402460304389 -0.340165516087153 -0.406684192649107 -0.362602928289648 -0.451272523860551 -0.456842058762395
-0.472702437379676 -0.379709547853273 -0.390819796861068 -0.392266443080577 -0.304669568574571 -0.311776228618787 -0.367969486200175 -0.4030353662224 -0.539202587637865 -0.482665725795024 -0.431857576232172 -0.490976701736976 -0.421195776716239 -0.407015008307961 -0.382241162643275 -0.443097635165842 -0.401275906318871 -0.335343052355098 -0.233179784913779 -0.306977896639325 -0.292869438549372 -0.400666558918457 -0.366407194174067 -0.253499831020303 -0.165484804111352 -0.232806472268899 -0.121917106676409 -0.20325957349353 -0.25277297584427 -0.271313161178934 -0.272329455098388 -0.304422477796765 -0.365650096553777 -0.315022809619677 -0.31063583395223 -0.308567146946681 -0.362214328213547 -0.354120314066987 -0.30118555729205 -0.373696985510618 -0.389519629074704 -0.348617341209181 -0.351575672631951
-0.39020047061864 -0.346806398014016 -0.350824465270186 -0.259061236363656 -0.337557352533703 -0.399548085226919 -0.352616970342386 -0.36041075776488 -0.404080552350478 -0.472027849352865 -0.496756039084683 -0.522126597581342 -0.479492527574568 -0.468036460286397 -0.487769238342132 -0.363990297030816 -0.341907195925789 -0.265034105921497 -0.261507906266892 -0.304851329999554 -0.360570833939256 -0.303751859332227 -0.301708476476502 -0.275203157284506 -0.183629355236551 -0.244831693647982 -0.122748919067895 -0.13201114994555 -0.185690906696814 -0.28125524106412 -0.190336055286603 -0.217069250312025 -0.351107674300725 -0.294831216167221 -0.271060059644587 -0.29831403828444 -0.283706465062592 -0.306210933638865 -0.336140297994426 -0.337389697887612 -0.309521694558366 -0.347976258303416 -0.325293594033517
-0.378554952667651 -0.333504455201899 -0.23761465433726 -0.239592950600748 -0.386871818868128 -0.329296977855225 -0.398101415203166 -0.260692333270718 -0.391614040829063 -0.420316903511592 -0.518065653312475 -0.532297046788471 -0.513960790409217 -0.439174444029967 -0.426476492420568 -0.279034899288558 -0.22924941062413 -0.358900851909211 -0.375330265596187 -0.318062817693053 -0.321708364674902 -0.239620962258011 -0.290917343755139 -0.293477922166495 -0.289640693734835 -0.25628911820796 -0.14513584199196 -0.150983884831121 -0.191466632181477 -0.285316685857677 -0.270296874295652 -0.286567205821457 -0.322116849167797 -0.296797772485974 -0.275348475915965 -0.27747142365652 -0.324077007667164 -0.280251654602637 -0.276345656302964 -0.267109603090321 -0.286552465682189 -0.265515359843871 -0.298429257091458
-0.355056399751463 -0.308891993898107 -0.228081241501521 -0.283569298317067 -0.315655066448942 -0.374832071587967 -0.360840229513574 -0.277320659169765 -0.282315149722173 -0.294033001795732 -0.301230093154324 -0.437753118728352 -0.357289565688192 -0.289624381449992 -0.337173942025592 -0.325640523871515 -0.291106293893268 -0.311456136564021 -0.507485269441693 -0.506975304648322 -0.379017809039374 -0.342323086701325 -0.343339356816535 -0.342272461633607 -0.230999814286121 -0.281478861684354 -0.217444746135412 -0.214019803652415 -0.288233860798156 -0.292260580464949 -0.304473038487926 -0.286194661742893 -0.314829326494829 -0.269521204239909 -0.247977864492481 -0.29939356951261 -0.246972389394088 -0.247084458350584 -0.219432583873857 -0.222604281997046 -0.223135836824051 -0.167900874506679 -0.226878848412416
-0.349566358321717 -0.301586397837576 -0.272585627398776 -0.216403188638448 -0.386440538408225 -0.342073573225778 -0.345578063825533 -0.410888877003265 -0.406914204052554 -0.421447140952109 -0.433783438716734 -0.428411370574354 -0.395009146175518 -0.332345723824301 -0.275718454471328 -0.242392135485789 -0.242847880116469 -0.325499443685178 -0.463389550593886 -0.351946907047196 -0.346281900283396 -0.425264874347842 -0.452298231720772 -0.366525499879618 -0.259636192532291 -0.29951129624457 -0.229668879726567 -0.221538742609123 -0.210895128465798 -0.290625840854427 -0.306324716089596 -0.336254128053644 -0.255825929418052 -0.282872867764141 -0.198390366916451 -0.247693966821329 -0.216719321120716 -0.198416401756003 -0.200362074926606 -0.2001558367353 -0.132280795406579 -0.0921407576939705 -0.104972399133915
-0.316294323875428 -0.31860534120275 -0.378700954380351 -0.381037292625568 -0.328431685623737 -0.392476627029912 -0.403547093595292 -0.341447856200137 -0.401554335807285 -0.353039130184192 -0.404519986173116 -0.408187201637501 -0.409561513734442 -0.330457835070946 -0.270112660809311 -0.279917319979691 -0.27350143974911 -0.281414591266919 -0.28479250377717 -0.262005041885349 -0.302879199072391 -0.391364408332299 -0.460389466947163 -0.406959271279933 -0.320427037365618 -0.326451443382954 -0.248721260641595 -0.221423088289552 -0.285260965597719 -0.307057485328397 -0.318604467687563 -0.32516777831538 -0.317203121178493 -0.241869830287871 -0.187064966301272 -0.239706696273987 -0.186723020889394 -0.209753574633133 -0.180127032524033 -0.160924928743942 -0.0574234819084643 -0.0465048359015785 -0.0583671966267433
-0.315715660626775 -0.429606742215595 -0.374194631385662 -0.32460529981738 -0.384035413526925 -0.384541742653009 -0.336529271061027 -0.250604616408232 -0.249696827190717 -0.310020292397501 -0.311434386936856 -0.338717305393819 -0.346446006224076 -0.353230794865933 -0.321003946547722 -0.33024442076204 -0.417713359906737 -0.338794091358478 -0.37691962435164 -0.295674900755783 -0.392937608837069 -0.402995417150282 -0.411668951292612 -0.526248057579141 -0.438228538255785 -0.465402095263692 -0.372601428284104 -0.360584787902914 -0.341149084660576 -0.342868341522705 -0.352104306554548 -0.335409996743831 -0.246775643592452 -0.208063359841261 -0.178560332091796 -0.172549459439132 -0.18731968611288 -0.166040314329347 -0.167873887703037 -0.147308338255552 -0.127876144623112 -0.020783347164233 -0.0402804942953494
-0.42840965708012 -0.455728698507967 -0.374100588208242 -0.404305715117092 -0.373243424058446 -0.371341073780571 -0.284790742674449 -0.255804386151682 -0.256574730850147 -0.283333206221149 -0.201075807605054 -0.202095753959866 -0.215947315254654 -0.246119914287593 -0.24238770041177 -0.241096565062702 -0.241667933172537 -0.317586261326954 -0.329691030822795 -0.347705456372005 -0.352226298231599 -0.30861882808614 -0.343388990566774 -0.392122878515666 -0.415668921356974 -0.44772853562808 -0.401263086875855 -0.403009062499999 -0.415991865221441 -0.390006456128688 -0.372711774014468 -0.311407328720483 -0.245007071325924 -0.104967808171234 -0.0907124202087331 -0.0668319190051123 -0.0656601071790441 -0.0739891327043167 -0.156383816245931 -0.0451703273555703 -0.0211560102640137 -0.0488475005534516 -0.0718635354322855
-0.366917998946484 -0.30865598998299 -0.315104421893725 -0.421302925623173 -0.35781127893927 -0.199100428746749 -0.171520919233007 -0.166331104527327 -0.16963311162428 -0.174482869554993 -0.17352445526976 -0.161083288470483 -0.162772265011766 -0.196044299458055 -0.204055072480185 -0.213472749851725 -0.220434822795432 -0.232800036572924 -0.319929894710988 -0.421018971830561 -0.430885098693962 -0.384858130323484 -0.287408226170618 -0.322542780843881 -0.420326350988501 -0.530087184379611 -0.472324297584184 -0.465329754104951 -0.446103805699988 -0.36707879460189 -0.331462334401006 -0.290316026523718 -0.225521609494883 -0.095600765599311 -0.0743147279547636 -0.067866272239785 -0.0579783649088028 -0.0508933663109504 -0.0774131399912935 -0.0690645480173634 -0.0664641395551061 -0.0767496473401438 -0.238256209039676
-0.300406522306373 -0.296131663203911 -0.352643220896928 -0.400301262370224 -0.251586607276709 -0.273466232342529 -0.158312955221751 -0.157159264391733 -0.241073047296643 -0.251203196768598 -0.247127249878207 -0.15456976996751 -0.171577887475451 -0.170753322614296 -0.239333503028027 -0.259890393028715 -0.270212223950482 -0.379521893306118 -0.345379120773045 -0.288394713793946 -0.293870229322614 -0.388803870493257 -0.366739763899469 -0.372103203435468 -0.409143727285823 -0.562317627792795 -0.499069256358584 -0.43732529879306 -0.412276547322202 -0.296524803302903 -0.216095659739393 -0.172511780249522 -0.133589758429026 -0.0957923994406363 -0.0886582379957433 -0.0692406011047963 -0.0673526241706404 -0.098302751055817 -0.0990730313777241 -0.150982801250269 -0.240245562166658 -0.241666839859786 -0.172074793564448
-0.284954953564001 -0.340587661856614 -0.363852465448921 -0.356152680631532 -0.337540201746614 -0.184897886907062 -0.1597487826202 -0.247398520017091 -0.254020543222004 -0.1643237873021 -0.155043547413439 -0.135513834529823 -0.16269909091015 -0.297417428282939 -0.318741051119048 -0.347854737529564 -0.370567150755204 -0.256127250090446 -0.349039153083657 -0.257379459744217 -0.273863974145244 -0.362653005224191 -0.395154671167773 -0.401935840910414 -0.400337271879263 -0.527899180887235 -0.487286284156647 -0.530548237599498 -0.498595414536098 -0.278940818234549 -0.226510693859532 -0.18345846441364 -0.164485688955755 -0.109358422201692 -0.106949661653106 -0.121100609692913 -0.120153061837227 -0.115364602274106 -0.17889957888691 -0.256791687086167 -0.124145648581971 -0.21377368224235 -0.137035169656137
-0.318013597505628 -0.366055025682791 -0.309409659138011 -0.303210740702822 -0.341648659744845 -0.275856838358924 -0.154739789970958 -0.156638504581546 -0.280135292556359 -0.250259267812128 -0.157065204446243 -0.14967287711518 -0.165469471767369 -0.263639911725785 -0.372475851243978 -0.364187464908237 -0.329032017354926 -0.350786016295334 -0.33405278078932 -0.350211804888772 -0.383943155256471 -0.38450376188563 -0.385013702874757 -0.380474868772228 -0.378876299741077 -0.44714549898624 -0.433243207674862 -0.330417284062215 -0.317983324220954 -0.370972229745852 -0.266986217483801 -0.246649924945792 -0.262970817162757 -0.250703241657657 -0.245296360207713 -0.238627283225812 -0.290495056637018 -0.289471555759547 -0.279001437693427 -0.138876259443008 -0.143559761790675 -0.210121815890017 -0.134844499228635
-0.341734169532858 -0.287027276236837 -0.311250517918621 -0.367436544737748 -0.345869258112303 -0.201129275969499 -0.173803003779391 -0.255163415230962 -0.26113807673194 -0.260986177724543 -0.257582961064467 -0.260939164519868 -0.288120809037152 -0.29586764763153 -0.362314037679403 -0.380755186897553 -0.399554378097433 -0.353827579110636 -0.337195617544302 -0.369610528413109 -0.335369253824353 -0.330805115572 -0.339647765362174 -0.345987675802899 -0.321778919449878 -0.489230369890404 -0.401619517616496 -0.304944578110688 -0.269054109423064 -0.214604857684281 -0.310348625995803 -0.35237556965726 -0.33974272140817 -0.330820482928924 -0.320672219497092 -0.223630085074242 -0.307055612240631 -0.246833420973528 -0.2530684623796 -0.258849197571427 -0.2794688887327 -0.256446327281365 -0.303360249329695
-0.296003758683017 -0.288484772117823 -0.320570540249697 -0.314125720202005 -0.293954454728351 -0.288572918000545 -0.266020538900166 -0.264874078832408 -0.268219439662506 -0.266725780238322 -0.266910254730117 -0.271734796691808 -0.304948975308119 -0.366397215332053 -0.38066477938742 -0.391359154387751 -0.402552563375348 -0.351798698351745 -0.323756318393934 -0.32209993410512 -0.323213883065037 -0.235860672348367 -0.245220517694172 -0.259213135371054 -0.345586246551884 -0.427000966346946 -0.356337620635075 -0.330276234716294 -0.28654494863343 -0.295138037339571 -0.31455474607067 -0.313144263394359 -0.359485848600692 -0.342455182058853 -0.333941634433298 -0.329587210446007 -0.343633272683091 -0.237431109482112 -0.34020107563359 -0.332937564215197 -0.242006130932083 -0.364114145285436 -0.364700079868663
-0.296050771887692 -0.294571550183785 -0.293211716379435 -0.286748822944179 -0.268570315258533 -0.272230299960658 -0.275470774988032 -0.281680536048525 -0.28224833286763 -0.272085631715521 -0.279199522521997 -0.337342184158248 -0.311784412821938 -0.380248905379956 -0.38199933284619 -0.398368159391504 -0.399286791234323 -0.381396269803318 -0.343542023717112 -0.349824054523615 -0.361035577471089 -0.255075744591885 -0.351493559833214 -0.355287434531731 -0.341296973533388 -0.344078132639352 -0.365404486787144 -0.353708343768437 -0.314150619044114 -0.313640678054986 -0.301260938376416 -0.325357601968697 -0.311965251646447 -0.213678954506889 -0.318108981186782 -0.36199492139297 -0.325590876048932 -0.340038398377447 -0.337958868746594 -0.347781601304537 -0.355629649462037 -0.360700157412787 -0.328093581862239
-0.29403269318179 -0.294430517605934 -0.293063453039324 -0.288289495573038 -0.270270141461292 -0.276425617982536 -0.284223041072317 -0.288664236902454 -0.285680553721374 -0.282063922752392 -0.308109949827222 -0.315270830034129 -0.372939761832938 -0.37708797846934 -0.336070074160835 -0.336453420292388 -0.427466632479254 -0.368962357570544 -0.35246785729133 -0.35147329623097 -0.360757147982675 -0.395743398743514 -0.397081564065327 -0.394734399962877 -0.438033072118276 -0.46217535107111 -0.430002787292147 -0.365813153836592 -0.357574512017209 -0.365478178181519 -0.38110107659066 -0.372243965275966 -0.332226948434477 -0.326252246361184 -0.354400909965838 -0.366946082016478 -0.37869560521883 -0.394401727984329 -0.373606190937641 -0.339351278035341 -0.329225628013964 -0.337026686771032 -0.228433084610785
-0.299953110715834 -0.299464878781557 -0.238964210417553 -0.232772522744624 -0.229671730059467 -0.224854378287723 -0.318648790152868 -0.289213984138239 -0.288400261902387 -0.311278107500098 -0.333570147267697 -0.372433432706855 -0.380021077155017 -0.329469719438458 -0.332272628171588 -0.395822106881226 -0.398545450729527 -0.368452416581417 -0.368973224000091 -0.373287841740725 -0.381598841486921 -0.389844714068564 -0.422708081465406 -0.454396025173136 -0.516332497131346 -0.427340958745355 -0.431919615862613 -0.427113106716172 -0.45234541155515 -0.453113477858134 -0.424901084933048 -0.410651594265245 -0.399910229864483 -0.388959086822102 -0.418001037547437 -0.401371831097029 -0.388330291994248 -0.406249793814677 -0.42772441130258 -0.358255355037945 -0.315722082250405 -0.206550673588622 -0.212923223890303
