sesion_7_reto_final/reto_final/modelo_enebrales2020.asc
NCOLS 708 
NROWS 329 
XLLCORNER -7.525 
YLLCORNER 35.991667 
CELLSIZE 0.008333 
NODATA_value -9999 
[rows 120 to 139 of 329, columns 559 to 601 of 708]
-0.389737583406501 -0.334007236841496 -0.31226500868624 -0.259301359702679 -0.32814196762999 -0.285143505430587 -0.186208529887603 -0.185412840467001 -0.248228161825615 -0.356202502119992 -0.340403734021194 -0.383185234425205 -0.449208495899109 -0.366343518021494 -0.373996289634209 -0.347451187999798 -0.354547005418711 -0.370635117043958 -0.374251748012939 -0.367288382173984 -0.371443893949203 -0.402911240194254 -0.40829277692206 -0.466037614134167 -0.467451708673522 -0.424223996600816 -0.456360413604652 -0.428690537153091 -0.43271583517152 -0.505210594882817 -0.505188885827966 -0.444684581796675 -0.437565698051105 -0.432596487844277 -0.400333492750938 -0.318195441462086 -0.48420389811846 -0.425294527451032 -0.421540499571487 -0.479220209619042 -0.421218628169128 -0.417110129598583 -0.479199857835997
-0.390923849720917 -0.33954790333896 -0.33762023214319 -0.311212551223587 -0.323270395695555 -0.328847208968146 -0.191832380169112 -0.20406873746162 -0.242513951642461 -0.346846316245718 -0.348958421360969 -0.386613795807418 -0.443599130946364 -0.368636461961253 -0.368386924681463 -0.341961170374296 -0.294411609798696 -0.268683866067425 -0.275349307382039 -0.360742311990856 -0.363302890402212 -0.374503570724383 -0.401945618951005 -0.407645415218126 -0.463636189296712 -0.470789862545603 -0.473068328192771 -0.491648272165605 -0.494675373456387 -0.430838789043469 -0.424603747637396 -0.425233035953767 -0.396915797798272 -0.400872373557176 -0.398452851527914 -0.398181605193273 -0.478366681136532 -0.478945344385185 -0.484464301827798 -0.435979393293622 -0.422932885055991 -0.418271067958931 -0.329066139068277
-0.334495492580016 -0.387137270161218 -0.336379769470327 -0.341164569561917 -0.256986771084627 -0.235971493322377 -0.325979261251265 -0.207613034308033 -0.276719055651845 -0.352835456039288 -0.348231494772206 -0.382100265854712 -0.368164065591374 -0.418229429196822 -0.307734357310061 -0.371367036571814 -0.320059812449382 -0.345708015100068 -0.267465071877098 -0.274589829113122 -0.360901465564757 -0.362207079206416 -0.367707963261465 -0.394452000912191 -0.315554465223027 -0.408542361810337 -0.386228677364445 -0.489185355830885 -0.418017895011854 -0.332693612662562 -0.31378318544906 -0.393219601944462 -0.306340168673721 -0.305634927335565 -0.39301345897013 -0.396141834200591 -0.483259962125818 -0.480099035215202 -0.427406632566283 -0.431312583257469 -0.429699576506042 -0.425714060930027 -0.417663464893168
-0.331117580069764 -0.334784836106464 -0.386290996245211 -0.278179275808341 -0.333352691983789 -0.314999242768331 -0.266903553856162 -0.362694318604288 -0.335046151207578 -0.323888929567422 -0.325512778944153 -0.355396034450644 -0.381481843967888 -0.385865183968047 -0.359518994545709 -0.369363436158503 -0.371526190145715 -0.291033721092688 -0.34935358588616 -0.349541655472929 -0.356047967017885 -0.354463900083569 -0.351364464670218 -0.302679286652164 -0.305876384142151 -0.368612140615936 -0.435004286696875 -0.327959461442934 -0.332057093583932 -0.299624126095632 -0.297074390309579 -0.301041832498031 -0.301472208602329 -0.386836273394035 -0.38860840991512 -0.394865160376043 -0.484095393416521 -0.396944713811139 -0.428542250008737 -0.429319825469461 -0.485617992657816 -0.490590838531931 -0.487542028186298
-0.300825657513825 -0.331446706038626 -0.34089831616637 -0.401084360658346 -0.336980165578074 -0.340198972122911 -0.23645977286514 -0.34473282032252 -0.35727302323831 -0.357377932845277 -0.329661043189042 -0.246022101713746 -0.241432642543498 -0.269880094455783 -0.414891322933228 -0.362488263810756 -0.315813916968273 -0.372958381876877 -0.345498284066936 -0.34345490121121 -0.346254174277053 -0.345107714209295 -0.366799341101077 -0.365414186378832 -0.428985374143321 -0.476644296167978 -0.311456833082029 -0.285501213517331 -0.293096129300068 -0.294155793720737 -0.299244351254808 -0.245817791254865 -0.249655019686526 -0.386178045260554 -0.387950181781639 -0.450505099430916 -0.42679902950052 -0.48125272604522 -0.483126136505984 -0.492243627725772 -0.437359555076773 -0.43650241473122 -0.44253131316296
-0.296550822215606 -0.301274130809931 -0.353637431294232 -0.413165247652727 -0.40072634248086 -0.336730652102527 -0.262013908534163 -0.238123387916214 -0.329671869046275 -0.344367595187017 -0.336214367938673 -0.243577282570833 -0.245703865978674 -0.27170287984883 -0.278277889849068 -0.419871423373847 -0.335849118998927 -0.373367072730568 -0.368177241256818 -0.340713507779589 -0.341559805499838 -0.343223461123227 -0.362542579190421 -0.403943917811281 -0.449270113453764 -0.294567222922284 -0.303279658955667 -0.364373468860915 -0.29071638971322 -0.293215452823068 -0.242957050496001 -0.244222857891002 -0.296097902636783 -0.387013476551257 -0.390839862357614 -0.477578239246261 -0.426759247058105 -0.513497623946752 -0.432516899155205 -0.433652516597659 -0.434169688349046 -0.406756579939536 -0.413302650122663
-0.294268744705394 -0.297198207723784 -0.35664645919745 -0.351894234590258 -0.401861959923314 -0.305053551020101 -0.255815013903218 -0.26364137681011 -0.266502141373218 -0.382693397664057 -0.346371219404572 -0.244094478126463 -0.246908205680653 -0.35649914782143 -0.385753115011551 -0.359645620243699 -0.420468183814306 -0.422001625680904 -0.368962047479802 -0.345755075913229 -0.263070936860122 -0.345494696008135 -0.365312912439153 -0.453845134903735 -0.377247750112347 -0.377471983242313 -0.361321022847995 -0.370995468261585 -0.372181734576 -0.239676776258142 -0.235401917155679 -0.243485064872692 -0.380167220216377 -0.389125581666507 -0.390102069339304 -0.475625263900668 -0.479929039015998 -0.425981671597381 -0.42743554857915 -0.400720450745535 -0.400738524133099 -0.406087485376507 -0.406376805098712
-0.352820073391093 -0.348545238092874 -0.322090543968596 -0.353409603069292 -0.349792995904554 -0.350899697334141 -0.415917555122382 -0.422279174617958 -0.399151791740457 -0.266422600292632 -0.36105244344848 -0.243823231791822 -0.24371836275717 -0.246749099715239 -0.249360303194313 -0.364806535704583 -0.359974746212561 -0.421694232571136 -0.37270886840133 -0.369688997872808 -0.348594131421486 -0.377092232205733 -0.37626403167729 -0.462224833105213 -0.384694378750729 -0.360850864301282 -0.367537990866504 -0.366941254230288 -0.315355529206712 -0.321105950541551 -0.324433237984085 -0.384731399041045 -0.384970093695531 -0.382796497083015 -0.412679752589506 -0.475903740997568 -0.478055628555234 -0.422932861251748 -0.395519752842237 -0.403241222910234 -0.396445591643072 -0.302553517701291 -0.247398215485722
-0.264367439615583 -0.320835579198898 -0.371484598992093 -0.376707005950241 -0.31954085579103 -0.244726473950273 -0.24693624114216 -0.313538165864717 -0.423013355773224 -0.346340065568538 -0.366438973115379 -0.267778862806252 -0.355916896513978 -0.386975551905337 -0.382292025753427 -0.245421800822973 -0.363801132018919 -0.361757749163193 -0.34038440561497 -0.371482843448744 -0.378238692273491 -0.385153670867895 -0.441560342758189 -0.418501634531727 -0.386509909577272 -0.369132924230367 -0.370637426279855 -0.370539788007462 -0.31945316134771 -0.321973933512408 -0.323348245609349 -0.381360693488809 -0.383414942774082 -0.384608416046514 -0.413157141898479 -0.529391792494776 -0.422195068233438 -0.421099233233398 -0.390836226690327 -0.397024254891725 -0.389859715213287 -0.247853919544087 -0.23481599230435
-0.272739954663287 -0.257593517403272 -0.313294947955411 -0.303695074487557 -0.372938499778106 -0.265940687728839 -0.328705384019735 -0.392696129067462 -0.248968805176825 -0.318648480062126 -0.431790926007333 -0.462921939325504 -0.407531537550421 -0.407133713126277 -0.354802988126374 -0.35048837038574 -0.354394321076927 -0.365504570084722 -0.427502533540197 -0.375309229255101 -0.379056050176629 -0.439958178632065 -0.451524107893983 -0.390144590129574 -0.36703166174042 -0.364579588031004 -0.369950258329263 -0.317898010426261 -0.318335617292819 -0.323445883881741 -0.325040817245605 -0.383989970355447 -0.386521608949693 -0.386102075470698 -0.415667071437874 -0.558197286388791 -0.504868364661241 -0.418647159523981 -0.388843468902319 -0.393158086642953 -0.391653560789222 -0.247119697816507 -0.232204788825276
-0.162277393884366 -0.2579841348694 -0.241787542346457 -0.310347435353701 -0.284637765009993 -0.285173010148944 -0.377531642224127 -0.382840844829364 -0.389245882434641 -0.25640097932686 -0.428810837921225 -0.317899868222756 -0.343041741747358 -0.404055986767777 -0.4042766080347 -0.403368842621429 -0.267504045180882 -0.357670983451742 -0.417596624234382 -0.424562227896504 -0.351505521052312 -0.448616353930444 -0.396672586925138 -0.403540552314868 -0.370131097153771 -0.372094915124668 -0.377375177912795 -0.319977540057114 -0.320914245287496 -0.325218020402826 -0.324122185402786 -0.382293763051904 -0.388152689088684 -0.386977289203815 -0.486584971172871 -0.499056451829136 -0.448429141090793 -0.418267408487401 -0.387367882865699 -0.390246697012127 -0.391194244867813 -0.329406036249713 -0.231828632883669
-0.217411027617399 -0.314777788558534 -0.285252575033773 -0.291031936185723 -0.313830240702848 -0.321244317661076 -0.294955984068716 -0.302301362571663 -0.248241878588062 -0.390880622045163 -0.464558012403588 -0.338387155412558 -0.256093610021335 -0.335620457831113 -0.339707247346808 -0.399253137092867 -0.397408666449213 -0.4015930942373 -0.410710585457088 -0.345693608220207 -0.439459080268242 -0.427351491279917 -0.406169829181506 -0.378709707567321 -0.383801900768679 -0.379595763925741 -0.32303719302805 -0.318903414111925 -0.324114954640526 -0.325709888004389 -0.325449484295052 -0.380084019664261 -0.379266661761123 -0.384937518211133 -0.470428161092343 -0.49441270811964 -0.447072902381416 -0.389140019386784 -0.412647177105108 -0.38934977422416 -0.329322859501841 -0.328595909108834 -0.324292110189261
-0.302554494946426 -0.29015674625685 -0.292297767384967 -0.293252546002913 -0.297635886003072 -0.20969319321669 -0.214405659185711 -0.219396602251633 -0.335269599003157 -0.392186235686821 -0.417910367555049 -0.395961996425461 -0.310319454536853 -0.303574472141654 -0.327269699446747 -0.32640171647589 -0.330506579379148 -0.331164807512629 -0.395466557533167 -0.33586003303696 -0.424382245819113 -0.417699611668296 -0.403411195305195 -0.401378655074773 -0.397194227286686 -0.335673653140183 -0.327811126690093 -0.322809340998867 -0.323337379179802 -0.316820225009541 -0.377664497634999 -0.376489097750131 -0.374774817059024 -0.401269293625716 -0.462988779984291 -0.467071933832698 -0.413164348856496 -0.387067696713948 -0.384575840562117 -0.303645740838287 -0.330538041829124 -0.327586869755883 -0.329351775514708
-0.307379036908116 -0.331689114809303 -0.33379762482958 -0.331020060818589 -0.321275495301354 -0.349194932836948 -0.256825481940705 -0.347111767538808 -0.350030411736137 -0.390037943224129 -0.33525514451481 -0.386804722763259 -0.361847323730452 -0.300616093110397 -0.299288794218131 -0.291614337354809 -0.307805080191541 -0.301038388741491 -0.297551971529299 -0.392804728986375 -0.449065660169423 -0.467015791496955 -0.436575581796662 -0.420224852443155 -0.407678799841154 -0.395411224336054 -0.331051618485538 -0.324324709477902 -0.322729776114038 -0.321402477221772 -0.376966487059104 -0.374456557519709 -0.370590389270937 -0.405565837978786 -0.511894579269268 -0.401627335607446 -0.405113752819637 -0.405352447474124 -0.37893753579226 -0.379375142658819 -0.330060652520151 -0.328085968119707 -0.326071501276849
-0.342112243474993 -0.262990427047375 -0.404609281490048 -0.344358150405834 -0.387287914149955 -0.357820556455172 -0.415872810581291 -0.40849853986972 -0.40703018459536 -0.34129127370881 -0.33759873732653 -0.303042822097676 -0.36091784926233 -0.294833120095403 -0.295241810949094 -0.283878388994222 -0.292047475611206 -0.258984363059418 -0.229305537033025 -0.264399476321 -0.63261812754099 -0.504312932050927 -0.431926320819141 -0.446969723036755 -0.421031343916747 -0.406203213804534 -0.38888322754049 -0.380821788878328 -0.381042410145251 -0.373071378993221 -0.369932161137456 -0.371874270053502 -0.399685202887156 -0.455227503669637 -0.458674138439414 -0.402495318578303 -0.376199754223683 -0.379168999684487 -0.380622876666256 -0.381338960629715 -0.381736785053859 -0.378268441229232 -0.379194280030067
-0.221266400849353 -0.263221914743845 -0.333100478036975 -0.433473511765402 -0.425059880807721 -0.47024779898828 -0.34435314069867 -0.476380709707555 -0.366946683317512 -0.353111756993854 -0.322024185589627 -0.332553557329846 -0.384439468505174 -0.296974165027764 -0.320727248162835 -0.282435378441999 -0.256855041303721 -0.253414780549087 -0.124162205309842 -0.157268904077835 -0.834113687388576 -0.823214049965274 -0.667205737702882 -0.473305069833789 -0.44635042059857 -0.396796379058299 -0.389013417493037 -0.382387782425081 -0.372532498186983 -0.3713173158597 -0.370380610629318 -0.368785677265455 -0.399645420444742 -0.507091705790114 -0.457021349245572 -0.400564052287561 -0.373809172011531 -0.3749845718964 -0.374087649108432 -0.37304966993837 -0.370977347265534 -0.285573500031413 -0.293247980698979
-0.227732953756139 -0.258053816129189 -0.276625131495643 -0.32035725052138 -0.530261948912243 -0.514445607950569 -0.453875360579922 -0.408310510855266 -0.407811371919128 -0.445648966266135 -0.308120537006443 -0.307672087514581 -0.37629347201909 -0.329566262285722 -0.322900844775351 -0.204734927888311 -0.269911034894849 -0.316053731693354 -0.501829755908785 -0.481495224473498 -0.595943068345372 -0.624554975384593 -0.693188559786212 -0.508080749582449 -0.429301680669167 -0.422415641891874 -0.41369597509623 -0.399735827954875 -0.395591182609202 -0.397106551088237 -0.396954652080839 -0.398209616850536 -0.393974563994731 -0.452645240007673 -0.451249218855882 -0.309268727336506 -0.401757525559993 -0.398130051965707 -0.312328380307443 -0.310693664501165 -0.317239734684293 -0.403460939821552 -0.402184265997004
-0.330759735558154 -0.329660264890827 -0.347237019196921 -0.393431197810262 -0.533157146756243 -0.451973010302047 -0.424946060480401 -0.241765921472407 -0.221520907263993 -0.355872621657159 -0.442032359101397 -0.442701453664425 -0.357626732399167 -0.266767657042865 -0.317138199739158 -0.296048326226929 -0.293458831802706 -0.3186983435997 -0.521215690830522 -0.519053793590428 -0.281027442202797 -0.449438180443744 -0.423750195350643 -0.424198644842506 -0.469965226271717 -0.469006811986484 -0.485685786757493 -0.456500541826898 -0.455386633439295 -0.453690426135752 -0.454395667473907 -0.458062923510607 -0.538186507956601 -0.515019318832442 -0.373476434179625 -0.369053311737052 -0.310541765493767 -0.450193166298257 -0.453093689499536 -0.453831482517846 -0.454109959614746 -0.455205794614786 -0.457397464614866
-0.310170341485798 -0.292908211051733 -0.2929371270646 -0.314094317956061 -0.346234299214454 -0.19213818853776 -0.196535119242977 -0.173342649773238 -0.231891149234555 -0.322940555805035 -0.272501338457704 -0.45995773441228 -0.379476107984557 -0.320476329806996 -0.320505269624106 -0.320584834508935 -0.354605504598838 -0.349643501350027 -0.558587571436734 -0.513291148554235 -0.378379748655585 -0.397482714066017 -0.403052296576348 -0.335429108799486 -0.315764172451916 -0.317876277567167 -0.422559436621823 -0.315225291645678 -0.42134425429454 -0.425170640100898 -0.425767376737114 -0.392347078950714 -0.456088239110163 -0.45497433072256 -0.31394861782113 -0.482553775859745 -0.451864028879662 -0.453719365952862 -0.314447716184953 -0.31478768477912 -0.396325363764468 -0.319398853004218 -0.317427804271061
-0.223458690395339 -0.214840798064064 -0.115654006845809 -0.268586467314266 -0.169075035505381 -0.181374315675416 -0.150890704633492 -0.174405892520809 -0.198619179164823 -0.271792461452261 -0.462615927291786 -0.461889000703023 -0.381468865772564 -0.32418336828611 -0.326136343631703 -0.383949879299091 -0.384908293584324 -0.417211047315834 -0.514694400468286 -0.43324712899307 -0.501364398390418 -0.370960678758263 -0.373202973826061 -0.37462791099072 -0.362984630862897 -0.364908666391379 -0.364709754179307 -0.358749554202849 -0.361758582106067 -0.361758582106067 -0.390625567497347 -0.390046904248695 -0.500393712795345 -0.444374022703892 -0.442301700031056 -0.444453587588721 -0.362156406530211 -0.365780244457209 -0.481298811090047 -0.425148931046047 -0.285598804181237 -0.284842937775363 -0.40153690429307
