sesion_7_reto_final/reto_final/modelo_enebrales2050.asc
NCOLS 708 
NROWS 329 
XLLCORNER -7.525 
YLLCORNER 35.991667 
CELLSIZE 0.008333 
NODATA_value -9999 
[rows 190 to 208 of 329, columns 430 to 472 of 708]
-0.190424488297046 -0.193552863527507 -0.163897460050199 -0.137789965282347 -0.164971609799632 -0.168429110998956 -0.14192379180696 -0.165557527614787 -0.165619019112053 -0.256404403073979 -0.31050005763695 -0.142780955956756 -0.304152899665895 -0.321984207995115 -0.204346305484767 -0.224862508687437 -0.187814737306751 -0.157873625970282 -0.17509733123374 -0.168070236074352 -0.177556635705416 -0.175563877917409 -0.179032221742036 -0.185151551488153 -0.239391833723947 -0.282168341188865 -0.246690199022219 -0.226600736256561 -0.204511308744878 -0.203194852477916 -0.234832171117928 -0.379713185838582 -0.50665441133232 -0.513500667667199 -0.497343857586671 -0.501181086018332 -0.498689229866501 -0.503202759819206 -0.513301731650884 -0.404680046420643 -0.428324624853775 -0.381944590672589 -0.399804815014677
-0.367239372142177 -0.195277986843918 -0.163232001154458 -0.166407389589594 -0.163807052540067 -0.136245680790446 -0.16836038873943 -0.16737305844133 -0.226311368925869 -0.169195843834376 -0.170620804803278 -0.170801643627787 -0.166465316832302 -0.180010923433756 -0.234894996082755 -0.232923947349599 -0.170387103087885 -0.140626830575924 -0.178797138950594 -0.170005114228138 -0.136362837903009 -0.177668752270399 -0.178435461301577 -0.183368548537521 -0.217183058885022 -0.275401625934571 -0.247138648514081 -0.196370281393644 -0.230817715724802 -0.229700171669911 -0.258248897521876 -0.317556092613449 -0.356755751551799 -0.496884541665262 -0.494613306780353 -0.359457362541006 -0.363811762724054 -0.362318103299871 -0.37325250642225 -0.32373910407151 -0.347224552734984 -0.274906996180908 -0.292807002965411
-0.373235718893763 -0.201534737304841 -0.191252688825488 -0.161915544887495 -0.136267366041053 -0.142104583022981 -0.162335102170734 -0.218242675697204 -0.143699540191088 -0.193787970123193 -0.194974236437609 -0.193679489225497 -0.165817931324125 -0.234724999883551 -0.315796155989474 -0.174452183548729 -0.172340078433478 -0.139986675830007 -0.178486086369295 -0.176533111023702 -0.134659399837206 -0.199342258166131 -0.17745174286652 -0.184146100194002 -0.222336743583645 -0.281549871693555 -0.22547596143941 -0.22409441858021 -0.225786990216465 -0.231566351368416 -0.289976623672021 -0.398627224915129 -0.347569538072487 -0.309200317485745 -0.457690732413122 -0.497394482654389 -0.361898569820876 -0.358770194590414 -0.338442037170269 -0.350931591214098 -0.34929687540782 -0.289429090455159 -0.268124445362218
-0.357143971601229 -0.267208521026839 -0.0667092525019187 -0.0256759655452183 -0.14585637307936 -0.151896137940647 -0.150811169370154 -0.207228683885752 -0.210306434048495 -0.233202376838013 -0.207037026240183 -0.210942976931369 -0.206725997463128 -0.156326538753967 -0.291124441011585 -0.148843763340457 -0.124421609446601 -0.121850188409942 -0.156295384917933 -0.0889326008504085 -0.124451923303589 -0.11686064318814 -0.118195172842666 -0.181267262243331 -0.200106235885625 -0.245069897131975 -0.19685851332792 -0.252314018463312 -0.26085783937354 -0.262431063682553 -0.207988233567399 -0.271718551101545 -0.224924856931819 -0.30000911106734 -0.32704246844027 -0.311782581147709 -0.457043346904944 -0.355023373668886 -0.319395546513766 -0.303137462493558 -0.360292770027465 -0.281413283921622 -0.307669065833827
-0.130765036533396 -0.274224773560923 -0.160275836142124 -0.127615016624642 -0.117011072938687 -0.144391629668043 -0.235227662501931 -0.150084218977148 -0.148080618563837 -0.142858211605688 -0.148228905708191 -0.147060736585582 -0.181099503867293 -0.181298416079365 -0.233180691587405 -0.240536912715655 -0.159914229905838 -0.123463195161369 -0.142799005540077 -0.138835199018912 -0.129728550424429 -0.124611053073247 -0.12719331673521 -0.154443659707776 -0.187918201461111 -0.279130349664292 -0.254183793256789 -0.251438804730195 -0.208140132574797 -0.202519901192504 -0.213720581514675 -0.189631124880411 -0.249524213982896 -0.254486217231708 -0.254486217231708 -0.348875127909902 -0.313865746445849 -0.311095413197117 -0.300927719105915 -0.305242336846548 -0.330738616685593 -0.357988959658159 -0.162129799175448
-0.166608492016346 -0.372273645136999 -0.0735012481017928 -0.0281460888379553 -0.120938732684724 -0.153212570403366 -0.204396835335511 -0.148377145244058 -0.112884524784821 -0.118327553009893 -0.032873080708054 -0.0352021714229405 -0.0368260446039145 -0.185414121607926 -0.182412324466968 -0.330494072344896 -0.183320113684483 -0.156724363178111 -0.14439393890394 -0.142878570424905 -0.168617180585724 -0.134650771230826 -0.132480810285597 -0.188052027080945 -0.113440193119547 -0.175850418719444 -0.173875734319 -0.280280445399337 -0.233155387437582 -0.181005501262187 -0.238497141722974 -0.192021707092563 -0.302335963959059 -0.206612523626338 -0.250041385734283 -0.347638236527768 -0.311334107851603 -0.260486175846337 -0.255842432136841 -0.273105919842713 -0.361012465853968 -0.296840905785977 -0.352831656060319
-0.26701679196854 -0.326533765701732 -0.0627634955640748 -0.0379037348036604 -0.12204177464278 -0.145198121141635 -0.235824375333904 -0.168893348446728 -0.119032770543805 -0.120627703907668 -0.114461384761121 -0.0374372595327214 -0.0373540589806055 -0.152532680823521 -0.183280307437825 -0.190036156262572 -0.327604391768921 -0.160840068706673 -0.176678619247886 -0.173221141852806 -0.171307948949627 -0.176360359708571 -0.176859458072394 -0.197484165977004 -0.258086108280688 -0.267771420123824 -0.323791110215278 -0.267652072796581 -0.219601176033991 -0.221944745041468 -0.18787706174689 -0.189370721171074 -0.257368667045423 -0.207082682173051 -0.236126870721553 -0.309938086699812 -0.313735532689059 -0.309370266076463 -0.272726168806132 -0.266588765672453 -0.356368722144472 -0.327631926705739 -0.295426787442378
-0.243495132153381 -0.238323374067194 -0.150181809641054 -0.125486147785147 -0.108222660079275 -0.142778599112373 -0.2025125584452 -0.150597731257005 -0.145237903584049 -0.118692801949639 -0.120866398562155 -0.122190085591377 -0.122240734463339 -0.123835667827202 -0.153407894556638 -0.247600130845927 -0.302393795984794 -0.166131174120103 -0.174067415768812 -0.232119646090687 -0.176718401690301 -0.232698309339339 -0.232499397127267 -0.267066178785669 -0.266805775076332 -0.234958701598944 -0.212869274087262 -0.263445935953644 -0.280083771010432 -0.224693369235349 -0.224574021908106 -0.192379749074292 -0.224027910339608 -0.297759561433039 -0.2402027938077 -0.351583945857125 -0.351088483160589 -0.351395876270357 -0.413882071660109 -0.357862381568656 -0.379752896868266 -0.295018120392931 -0.247218998733297
-0.152807427036161 -0.238760980933753 -0.170768949122172 -0.15914877589332 -0.151984260019126 -0.150957147278611 -0.203073124502045 -0.203998987107124 -0.147281286439775 -0.115354648077558 -0.119719914690154 -0.124313033331932 -0.179106698470798 -0.158612204322979 -0.163143831467492 -0.299435393149294 -0.165943104533335 -0.218563173059686 -0.221094811653931 -0.222190646653971 -0.224183404441978 -0.168702595156763 -0.170576005617527 -0.177315138326517 -0.178750941920722 -0.181203015630139 -0.213834895330511 -0.181741896436377 -0.222997161931806 -0.281190448635775 -0.222581264120099 -0.224505299648581 -0.223687941745442 -0.336584462273902 -0.277772729878866 -0.285913733425857 -0.228020632873639 -0.229944668402122 -0.170297504716383 -0.226993496328881 -0.314617929575949 -0.204310903471712 -0.201772034115207
-0.146934039474862 -0.171919004284903 -0.221110511429041 -0.308919483544461 -0.295060586538541 -0.275815183669966 -0.276741046275044 -0.142228851876588 -0.241051751426902 -0.22732530600094 -0.231361470448916 -0.233064908514719 -0.268289918306602 -0.322324081372308 -0.325441613977466 -0.220736745867958 -0.219130969878791 -0.166000960363313 -0.168214339418243 -0.169429521745526 -0.227402187182573 -0.221373288750832 -0.163082363774471 -0.152307090421748 -0.145829718693902 -0.165279907265004 -0.181589973624736 -0.157070181458488 -0.229991705411039 -0.229094782623072 -0.311551093451239 -0.283233831491501 -0.279168751030657 -0.227922994601247 -0.366019244484287 -0.282734709323434 -0.225818096444013 -0.197041518562865 -0.198574960429464 -0.229304489851961 -0.202907651557661 -0.257531320497323 -0.256261853630792
-0.0491613189917186 -0.181511646990496 -0.313986291451367 -0.231573398732901 -0.201362415101668 -0.221527847657183 -0.192263037841759 -0.196924854938818 -0.139896125494414 -0.146872595586084 -0.204696997683019 -0.204885067269788 -0.205709655935187 -0.222172525657921 -0.158807480867764 -0.16602264561392 -0.162742371376061 -0.166051585431031 -0.142985670246552 -0.168662788910105 -0.169299307988736 -0.223966395038099 -0.162894294187702 -0.14954759979832 -0.148849589222424 -0.158075585144151 -0.158780826482307 -0.16478080890118 -0.204423067645182 -0.235441940594127 -0.231915740939522 -0.227731313151435 -0.226874172805882 -0.222979064739999 -0.335398195959486 -0.28134232383893 -0.134935074209694 -0.245090177502289 -0.110910720935738 -0.0545004133781575 -0.167216095082109 -0.163270361948509 -0.167461996694612
-0.129758697651713 -0.204693314407246 -0.217933725149784 -0.31372588774203 -0.219298633037856 -0.161778052759958 -0.129436850053597 -0.191724157035521 -0.195847093326342 -0.115155712061243 -0.20494653496281 -0.217271990102131 -0.154044366026782 -0.241990718284695 -0.161527165244535 -0.141050744484279 -0.132830176052459 -0.141220740683484 -0.142974803817005 -0.144331042526382 -0.0806585808222141 -0.160304775959235 -0.0812987355681317 -0.145992460326604 -0.15173203903614 -0.150581943301095 -0.119984841654311 -0.162618054913968 -0.199699759050857 -0.232921144625186 -0.208180731192014 -0.199392342136846 -0.227583026007081 -0.223398598218994 -0.342761624045753 -0.276000569553538 -0.274886637361691 -0.151020900403287 -0.115908007176387 -0.0597725410484201 -0.0208368976824504 -0.0585211881417665 -0.0573782993647382
-0.122167417536263 -0.190574013691989 -0.21165526563401 -0.240721163237362 -0.125488385608313 -0.0516351255602293 -0.200698354050047 -0.11318827519113 -0.197550507587902 -0.199235872266141 -0.202812720792708 -0.150431370725087 -0.158319201325001 -0.215224971579118 -0.164586818215471 -0.161527165244535 -0.136367218332369 -0.138718018102106 -0.136866316696192 -0.134255113217118 -0.137086937963115 -0.128197274968267 -0.12696401925342 -0.142014151708605 -0.149088260072667 -0.0949926293139398 -0.0194910795225912 -0.0778905092008923 -0.199562314531807 -0.196343531791213 -0.197609339186214 -0.222241271721689 -0.228928398286911 -0.281251916328797 -0.230223145499023 -0.362181992248383 -0.219257605308679 -0.203872473394178 -0.0538196529788497 -0.0478052090354567 -0.0357835757151739 -0.00594007884685406 0.0068772438940309
-0.17684534721093 -0.222923821200487 -0.18435790945677 -0.244308854389233 -0.141151066459868 -0.197399982620381 -0.209541003840221 -0.187442067170798 -0.133541712956855 -0.145357203302806 -0.145389778787204 -0.149472932635611 -0.215145382890046 -0.212187003858789 -0.219420241992509 -0.161436733930159 -0.130974815175016 -0.133152047454818 -0.0576301864527393 -0.0692793400710157 -0.0621328737801415 -0.0575433908056506 -0.0560099489390523 -0.0716966004728678 -0.0252139588844402 -0.0202881024107562 -0.0894686789322335 -0.0861594648772635 -0.0738268027799256 -0.100842086765292 -0.103753476396118 -0.106484027202435 -0.163125758079929 -0.198965577895591 -0.202820903519059 -0.257802614440451 -0.307854873793185 -0.150688162571381 -0.133586099798718 -0.115047288503932 -0.102392707395748 -0.069750001838143 -0.0203297215411476
-0.197896795552551 -0.215567600072237 -0.150648268143922 -0.213832497913813 -0.0553783108144708 -0.130199963989801 -0.120514652146665 -0.126872676547268 -0.130069774037255 -0.108739808026419 -0.122331070560741 -0.146803873326559 -0.156727879824181 -0.214490790423852 -0.157874363696183 -0.157277627059966 -0.158174549847934 -0.122472150747079 -0.0512902116354569 0.00358299458399524 0.000895861887379158 0.00501879817820098 0.00144918041389386 -0.0121868575019361 -0.0968131292753323 -0.076405430774602 -0.0712553579390223 -0.0846766480783833 -0.0712300775934419 -0.0954135368328114 -0.154420545772632 -0.241885873054286 -0.113156675475066 -0.122668379255954 -0.176243226400251 -0.293324174716798 -0.376655699278082 -0.180608493012846 -0.234107363331115 -0.36903547230935 -0.158074237604243 -0.111330264146631 -0.0969469478589936
-0.144079618086481 -0.18397006387464 -0.146872507405283 -0.152203419065371 -0.149129304569914 -0.110757886732321 -0.136178237353824 -0.129299405534547 -0.0195674713882331 -0.108056275743114 -0.143686340721401 -0.15091957885512 -0.204418496781875 -0.156789371321446 -0.149324645491257 -0.126960376549961 -0.121596913209718 -0.119050836895196 0.00024845961113092 0.00150706004811533 0.000819892097523308 -0.00288351071430362 -0.00618188214396991 -0.0232971065097312 -0.0777905854968463 -0.168615751901188 -0.0745428629391415 -0.0736676492060245 -0.0995834625240642 -0.104748013652235 -0.15715109657895 -0.108285079736387 -0.193240477478646 -0.201428494230311 -0.209207843932529 -0.133138497322075 -0.294069198497368 -0.327098902621884 -0.299810991225827 -0.365301197775461 -0.440980783666905 -0.422496280715611 -0.378961652253582
-0.103494780621643 -0.197770176890734 -0.186226820466957 -0.203044120308377 -0.265740094339749 -0.155519904454915 -0.167804672796218 -0.168444827542135 -0.142207159589808 -0.139237914129004 -0.142583274959101 -0.228952767240714 -0.177696168186 -0.155028077425665 -0.123589670997726 -0.145161926758021 -0.118190060882356 -0.0851445211934427 -0.0978149140617798 -0.0982199692481839 -0.00215656032129725 -0.00545493175096353 -0.00910047873281241 -0.0751504422006613 -0.0818447995281429 -0.080437935751048 -0.113471275542851 -0.109366412639593 -0.111001128445871 -0.242471743260955 -0.101587086741619 -0.105015648123832 -0.0825139178954146 -0.0915988574350478 -0.179462009140845 -0.179371601630713 -0.132480269188594 -0.307689377044558 -0.250887118553287 -0.274452988848707 -0.329122289916994 -0.335094689790562 -0.44608800329403
-0.178746769328958 -0.188204252947155 -0.210769695727933 -0.193441985213113 -0.232337869940912 -0.378365368533568 -0.384965723255944 -0.232225793948243 -0.178491817034289 -0.178875203738156 -0.235513339520676 -0.204353410189637 -0.150482012560876 -0.118902549750842 -0.121134002193336 -0.124034549198858 -0.0860414439814104 -0.128352762034465 -0.172280722506234 -0.106400755237589 0.00160833398779485 -0.0115670307348198 -0.0579664955753749 -0.113116845424165 -0.111449577937733 -0.196093923098693 -0.193931192915724 -0.251784511025527 -0.282166864895842 -0.189757631557184 -0.116813065082219 -0.088683872709249 -0.0859026968352134 -0.0902281810053943 -0.202791963701948 -0.218097506927377 -0.21500891413933 -0.113490277090262 -0.277334581915304 -0.230023715994191 -0.377317021981848 -0.329642240588551 -0.314763461604376
-0.0639311824068653 -0.0747340383048921 -0.0993971484806447 -0.224147567757593 -0.308266160169272 -0.35695224254293 -0.359234343857386 -0.331307699363775 -0.219073042636083 -0.247129877082241 -0.210971797727263 -0.0713348752153644 -0.0690202627930687 -0.0361605310635138 -0.0324245765715324 -0.0386596179776049 -0.0060733942101011 -0.0832530373451148 -0.103413436389222 -0.103134959292321 -0.00643503128680373 -0.0586572753890106 -0.0645957663106184 -0.0599592533633823 -0.176161352279525 -0.178501309423959 -0.153023102972477 -0.156093622372961 -0.176837677604814 -0.0912747006010353 -0.146216629080013 -0.148480657006904 -0.15249511240003 -0.153658312387789 -0.154403336168359 -0.158689037896125 -0.197338973402934 -0.081816811675123 -0.139723016480054 -0.193937994566025 -0.287863953655524 -0.245252449450718 -0.296469266063017
