sesion_7_reto_final/reto_final/modelo_enebrales2020.asc
NCOLS 708 
NROWS 329 
XLLCORNER -7.525 
YLLCORNER 35.991667 
CELLSIZE 0.008333 
NODATA_value -9999 
[rows 40 to 59 of 329, columns 516 to 558 of 708]
-0.0574870818402034 -0.0388636959534242 -0.0466177415058182 -0.0455616889481929 -0.0430011105368367 -0.0442560753065341 -0.0496882371020584 -0.052722545350857 -0.0591528871059578 -0.0611962699616834 -0.0644874106290897 -0.0567370007439827 -0.0646826633696312 -0.062462053552441 -0.0647875729765978 -0.136327554069949 -0.155431900556431 -0.15122939938078 -0.155724855945922 -0.217505833801762 -0.20994346969918 -0.21116228769375 -0.245956897577091 -0.354965540801929 -0.303690868359651 -0.218565498222431 -0.252383620432976 -0.254803142462238 -0.147816173038275 -0.144347829213647 -0.147020524189987 -0.0949754832450012 -0.09554330386835 -0.100313601863106 -0.126272833290847 -0.101702416056881 -0.100458293912487 -0.219687494119412 -0.220005753658727 -0.221835786582104 -0.101575814163134 -0.216920772733724 -0.273837385613145
-0.0693278763359777 -0.0481512071766598 -0.0456991096629998 -0.0512144958148834 -0.0549070321971632 -0.0471746956996199 -0.0516954564145858 -0.0694060195724429 -0.0666610310458487 -0.0842405404678691 -0.0845949873546258 -0.0622306778410154 -0.0622089449819213 -0.0626429805577503 -0.134229951051532 -0.121668039080891 -0.127078515625808 -0.293614986658874 -0.213183985298868 -0.125208717028088 -0.128091166841803 -0.242709175019386 -0.2424704803649 -0.30094224416577 -0.248369188844093 -0.243884574904255 -0.168303460228077 -0.139255636012289 -0.229852950387448 -0.172578295526297 -0.120674310963405 -0.087243146747458 -0.0934203323235523 -0.126091994466339 -0.0966319081061298 -0.0969212278283343 -0.128059448104523 -0.216956943313094 -0.218671224004201 -0.220739951582064 -0.222342091903944 -0.222479512618751 -0.278748739989995
-0.0620114376501422 -0.0482922635587538 -0.0480101507945659 -0.0490589725899312 -0.0494278571969645 -0.055615909202606 -0.0588635673837532 -0.0857595446141906 -0.0526683489924093 -0.0448347147509431 -0.0506466275830478 -0.0555073568921797 -0.0633481980916625 -0.14863269799854 -0.204692170532408 -0.206326886338685 -0.208739177605688 -0.212974230461493 -0.296815696011904 -0.210811476474281 -0.23611247976854 -0.242061813315452 -0.297105015734109 -0.244213700873117 -0.247182946333921 -0.223549210526093 -0.224305076931967 -0.228778824442259 -0.228558203175336 -0.175580092667255 -0.115994420478782 -0.0929972037495846 -0.0948706142103488 -0.119632736698371 -0.123213197087981 -0.123093849760738 -0.0993082387497562 -0.269884445521528 -0.274332872113925 -0.27711404798796 -0.279038083516443 -0.277927810796126 -0.163049375104962
-0.0673315066849266 -0.0628794444252425 -0.0608396734325607 -0.0495255192736004 -0.0543536730983345 -0.0573409919467022 -0.0564513404933086 -0.0526394091752987 -0.0468600480233484 -0.0764141775609769 -0.0538148090601672 -0.0576086193821266 -0.202609005234268 -0.20466325451954 -0.20540104753785 -0.208728334980384 -0.23928066124566 -0.235873808918297 -0.320829182856313 -0.236900921658812 -0.241812276035662 -0.30168726794634 -0.30499648200131 -0.235868792174961 -0.226446121864329 -0.224254451864249 -0.22872819937454 -0.226297834719975 -0.165406548889842 -0.173590970546535 -0.1727844552687 -0.111466429001556 -0.0895071914424203 -0.0884511388847949 -0.116102941948792 -0.119419386766022 -0.161335118218099 -0.360196035269455 -0.358821723172514 -0.355035160380885 -0.230137317742873 -0.164524961141583 -0.177531686936799
-0.104720603931584 -0.109024379046914 -0.0648866399335266 -0.0675086860379045 -0.0596954511879696 -0.083372557497012 -0.0767179826119448 -0.0765009732080658 -0.0695679212260977 -0.0534567670784375 -0.0562849561571475 -0.195563836687316 -0.201422762724096 -0.202779001433472 -0.211079134750121 -0.238032927238223 -0.320688150278462 -0.38130093520745 -0.434152467626027 -0.381709602256898 -0.297441372465231 -0.249942436957349 -0.250720012418074 -0.250260696496665 -0.278787713293778 -0.255851988061847 -0.254756153061807 -0.241080332703562 -0.241431143923032 -0.168209433818729 -0.143378589071182 -0.142525084392915 -0.0883896711917733 -0.117553183263274 -0.100129232320182 -0.155559392733436 -0.164163331101053 -0.447574566904019 -0.417698582732102 -0.275739776463334 -0.273197271439541 -0.192086356695447 -0.289158764402971
-0.13281726139247 -0.130137359458114 -0.103031644158372 -0.060000606474571 -0.147686531218904 -0.146464118129361 -0.145241705039818 -0.0412398166410557 -0.130929365602943 -0.108329997102133 -0.195545763299753 -0.2025800892214 -0.207144268046068 -0.236029326824911 -0.23756276869151 -0.322113111247364 -0.28168241061309 -0.295687333135954 -0.356441174447036 -0.27061779373392 -0.391973577348687 -0.250767025622748 -0.247837562604359 -0.256040057648615 -0.254647672164111 -0.312211646747466 -0.314414159372849 -0.314504566882982 -0.253504800155153 -0.202859416029246 -0.145830662780598 -0.143194178955944 -0.155027742689458 -0.0977422452030035 -0.133238460757213 -0.163783580064472 -0.191221968819563 -0.256373676031881 -0.335632865565819 -0.359078531786878 -0.339216921050403 -0.257624957525805 -0.356722698505734
-0.0804155763098754 -0.123884220860235 -0.130061406436329 -0.12713194341794 -0.18511545148029 -0.213703959774669 -0.139643182712376 -0.0701285110871864 -0.189372213390945 -0.190453570098394 -0.199538509638028 -0.200565646182786 -0.233248150950876 -0.233486845605362 -0.383709614611409 -0.286134472872774 -0.22935528070816 -0.312321532525455 -0.234935705843795 -0.251692888227827 -0.304862680185719 -0.332872525231446 -0.31200912267235 -0.308421431520479 -0.310804782970371 -0.307249643498654 -0.313633012621395 -0.258079845409367 -0.228514849442192 -0.179760949164613 -0.184024941837528 -0.155262801676657 -0.161389362185034 -0.206198433684617 -0.117329813916598 -0.171675046331673 -0.256590661631517 -0.171693119719237 -0.34440314066111 -0.287128485799959 -0.288980187205872 -0.201760785340966 -0.30745522157174
-0.0813378032476668 -0.0852944028108144 -0.121829971574962 -0.0928834212988535 -0.183021419752603 -0.13917665983295 -0.143310438749075 -0.0947423702350977 -0.189509634105752 -0.196757333763992 -0.259453307795363 -0.260270665698502 -0.317227061020338 -0.381785579082926 -0.323773131203465 -0.24115045984338 -0.223499990338668 -0.2824202036314 -0.189684082147047 -0.248564512997365 -0.303488368088779 -0.390946464608172 -0.259754326889989 -0.256188344792969 -0.259392689813286 -0.172813442694297 -0.17794541833807 -0.177612680506164 -0.244659419053296 -0.242666661265289 -0.190672269192265 -0.279435955549073 -0.251107850964032 -0.263252467278844 -0.210241805090609 -0.208599858522072 -0.26465933105594 -0.263223527461734 -0.26346222211622 -0.381129040639436 -0.291877098544108 -0.292922284672186 -0.360245262493052
-0.122278444871068 -0.123641890538461 -0.124383319224059 -0.124238627174678 -0.0802925933153452 -0.0845493552260008 -0.0715426294307847 -0.104257709683273 -0.193581945328856 -0.228673129500905 -0.261326718256128 -0.405242111733533 -0.321610401020497 -0.23550854321048 -0.239765305121136 -0.240213754612998 -0.200441282112206 -0.295267799656959 -0.213918166454135 -0.243233601337277 -0.246741727604319 -0.301347323156417 -0.257562656889909 -0.177797114425645 -0.151899374495169 -0.146821659586402 -0.155591975254006 -0.181109964147902 -0.262910284665755 -0.248843870645627 -0.249780575876009 -0.280571596795771 -0.283005597117624 -0.263393523660938 -0.209815064653598 -0.295110407185779 -0.265643049490996 -0.271512818153079 -0.295356308798282 -0.299092263290264 -0.410205780868092 -0.348356080752727 -0.2819964625477
-0.173296349271295 -0.175520570951529 -0.136532904673721 -0.0529048296279724 -0.0773089101342646 -0.0706384996848005 -0.0719874670596033 -0.192146165538894 -0.198113572473369 -0.115852602566544 -0.229989585767867 -0.25944246517006 -0.324500081596472 -0.264972265237977 -0.214565575766556 -0.213719278046306 -0.295206308159694 -0.207343156453896 -0.207068291220039 -0.219400153910645 -0.144180716883484 -0.296772318474517 -0.38816890059718 -0.174900226891653 -0.153425609403751 -0.160499717767813 -0.160499717767813 -0.165573837581607 -0.267951852799395 -0.200816920761054 -0.340207917856206 -0.343857100505342 -0.288094178455939 -0.265075252671891 -0.295537171427034 -0.30078849439805 -0.297280368131008 -0.300759554580939 -0.301367133842459 -0.413656051305156 -0.406151543032552 -0.287396072663069 -0.279085089684944
-0.176732141415769 -0.204582856691838 -0.137079016242219 -0.0419161657705874 -0.0333664713699052 -0.122737760792477 -0.132958317774564 -0.135077653652075 -0.195780869895439 -0.112677173559094 -0.201491508787864 -0.23169302383367 -0.315501937703928 -0.236485030883277 -0.206970659983819 -0.196572876040267 -0.288316650483184 -0.193903833499286 -0.197006904579924 -0.218553856190395 -0.279994865452069 -0.379753072388646 -0.305965786520333 -0.259645845992293 -0.236829491891847 -0.242927112583113 -0.164666072168336 -0.237323597316578 -0.235309130473719 -0.272884940035339 -0.284238876636714 -0.375932026011912 -0.29353720668101 -0.294611332626199 -0.270297659630039 -0.301985603337769 -0.332237743451293 -0.353571304557102 -0.354178883818622 -0.326197954785763 -0.379866821303235 -0.343390458604699 -0.332775689061511
-0.171860569481333 -0.175466334020768 -0.133093524470448 -0.0541453399093224 -0.0457172306590502 -0.133493586717759 -0.136741309275464 -0.137139133699608 -0.198949027568315 -0.199686820586625 -0.112290215564497 -0.230998648925062 -0.284106949385689 -0.232004052610726 -0.200070159682006 -0.276725440875686 -0.105415029144405 -0.188341457946971 -0.236289682925762 -0.233114318294869 -0.296211752417672 -0.304359986726923 -0.256220920277367 -0.257425259979346 -0.238804176292291 -0.22930194109683 -0.23533807029083 -0.16567513532553 -0.252623267051553 -0.243819042431987 -0.289660195806935 -0.349426706819916 -0.369399036277255 -0.296564307971792 -0.299305701403413 -0.300730638568072 -0.358055918496941 -0.302723372551836 -0.303569646467842 -0.302900551904814 -0.331785586879414 -0.350536860519016 -0.400697600769447
-0.0497800732967271 -0.0517836975142816 -0.162029232121253 -0.127804656880184 -0.0624418613629274 -0.117105312745004 -0.134300101995594 -0.19629083468881 -0.191686873421728 -0.199929150908399 -0.197636206968639 -0.23316860987029 -0.284345644040176 -0.228137884361954 -0.199426409841115 -0.269882796403851 -0.190761020548547 -0.228394645367831 -0.243512102238421 -0.308497384542265 -0.3121465671914 -0.315517272743636 -0.25685746316024 -0.233769838920911 -0.238851189496965 -0.161060331433145 -0.164676938597883 -0.245798719771524 -0.277258835254315 -0.284821175552653 -0.291237055783234 -0.360281545057467 -0.383205046588046 -0.296466669699399 -0.298669182324783 -0.383346079165897 -0.308144691722056 -0.305464765983457 -0.30534539485197 -0.296904181348984 -0.356757464204812 -0.382188657451618 -0.406372092886745
-0.0471182447499348 -0.140963305487041 -0.182160715152493 -0.10048197978505 -0.0977695023662958 -0.190739325566042 -0.190659760681213 -0.188746567778035 -0.195433694343256 -0.194576553997703 -0.228933557014485 -0.227219276323379 -0.287832061252367 -0.229790673555795 -0.274139541546436 -0.18633428624293 -0.21407649681706 -0.232698444287405 -0.304840994935112 -0.312323794152865 -0.316030832631979 -0.31996933500332 -0.266622339888206 -0.298577918067533 -0.273956851961605 -0.277273296778835 -0.27868016055593 -0.276629546937944 -0.280904382236164 -0.338258601982143 -0.343697994539928 -0.354706969608043 -0.357010756173106 -0.302755971840477 -0.362710528635984 -0.308314687921261 -0.303175457710985 -0.303453911003642 -0.295927734248502 -0.343339850305052 -0.342413987699973 -0.347802731385796 -0.34353507924135
-0.0961637263771288 -0.0912812880131462 -0.179299974393628 -0.0985868602694347 -0.181350588011614 -0.186204086558486 -0.185108251558446 -0.190818890450871 -0.220083700266295 -0.226271728467693 -0.226231946025279 -0.286725383627023 -0.227356697038186 -0.313230702819019 -0.227671337678285 -0.229121619565081 -0.312290378689421 -0.382205112561921 -0.331852667057435 -0.345085887610028 -0.343252259591678 -0.405731248023413 -0.403460013138505 -0.358091256133437 -0.361700656340159 -0.420490679680344 -0.447444472168446 -0.339383376799294 -0.337748660993016 -0.285475791823091 -0.296803026430522 -0.298188181152766 -0.302285813293764 -0.362359717416514 -0.302991030827676 -0.307157361423956 -0.303142946603145 -0.298513657381996 -0.345064997425705 -0.344059546131555 -0.278900672533534 -0.272452216818555 -0.280343683085756
-0.172851542482893 -0.17237415317392 -0.175871413011415 -0.177983518126666 -0.209758257481484 -0.210734745154281 -0.217779913701232 -0.300594266511129 -0.307599652615666 -0.390732264964879 -0.228901005334331 -0.308366361646844 -0.256183899987051 -0.344090445998307 -0.344162780120875 -0.373018899082608 -0.297510142333243 -0.250072657750312 -0.256521113465291 -0.263414383004845 -0.289022803213116 -0.270191940884442 -0.327987403164267 -0.325875298049016 -0.329723392910224 -0.336370737033032 -0.283251570142857 -0.340547934058859 -0.283392626524951 -0.291869962998821 -0.264098812607581 -0.354688896220479 -0.413189576034217 -0.409601884882346 -0.387975344582802 -0.366204152806192 -0.309052457135328 -0.300462956487988 -0.349857028279555 -0.342797374403841 -0.281515471107581 -0.250189181244624 -0.268882599054248
-0.191505201654346 -0.189592008751167 -0.273162227966938 -0.198568443588861 -0.286044613495817 -0.350205307134262 -0.353384307432442 -0.270580797247848 -0.297006551555015 -0.381278417013969 -0.38929643756643 -0.390931153372707 -0.394927511574026 -0.38610297574373 -0.274758011041746 -0.283398112952561 -0.285857417424237 -0.296027284962049 -0.279865505746671 -0.338923163558453 -0.291673789134605 -0.343928584916966 -0.319690881710662 -0.263852030443717 -0.271779643486045 -0.274958667588468 -0.283081597747896 -0.281765141480933 -0.287794039912674 -0.258388173715156 -0.294209896339011 -0.211905484518241 -0.267136732719423 -0.297569711657456 -0.301197185251741 -0.364826205041964 -0.368193274926912 -0.368847843588863 -0.369166119896249 -0.366898496874384 -0.308206088002348 -0.295605791433413 -0.29240148698541
-0.271867480754826 -0.320632223657709 -0.371002766354002 -0.326809409233803 -0.251159572298101 -0.202253749208881 -0.200279105380751 -0.196637194066189 -0.199725763049993 -0.201776376667978 -0.262219189202005 -0.32100921254219 -0.382775688301196 -0.21558823666498 -0.213975229913553 -0.223190359405733 -0.225949850029161 -0.22908186092691 -0.288537343162837 -0.382971909773899 -0.304012818210913 -0.307434148830866 -0.301596972421252 -0.244926325530891 -0.235411785489449 -0.247426211851715 -0.253086225676422 -0.257042801435326 -0.25451116284108 -0.203055627770051 -0.283938714289206 -0.255549094402655 -0.284300344329736 -0.28837990308317 -0.292864452646451 -0.295743266792879 -0.313558739557703 -0.319750339049831 -0.371079272227113 -0.428035643744705 -0.40906008936665 -0.28667720977944 -0.268362638650793
-0.317106024003103 -0.0629478510346534 -0.271074587022464 -0.231043989207816 -0.239090925773144 -0.18638044973666 -0.192221278581632 -0.191461776508471 -0.253499522406362 -0.257224634273039 -0.266063648395926 -0.295588861920687 -0.265843027129003 -0.213465288924426 -0.187896651158569 -0.194681439800426 -0.224014948071132 -0.221906478623168 -0.222723836526307 -0.225891994199183 -0.37403882866935 -0.27835880644633 -0.23055021620127 -0.234897409426302 -0.227827736136259 -0.243878303142258 -0.243708330747297 -0.175886230758363 -0.259908535133284 -0.29575196681199 -0.350415394389823 -0.353001293719073 -0.284012398647408 -0.260306304912768 -0.262805368022616 -0.271112732101525 -0.276960791708756 -0.30375179495567 -0.313639654678165 -0.324435239241618 -0.331625035461393 -0.349410687857745 -0.297330857409438
-0.0945968928513296 -0.162105743008112 -0.157017121097483 -0.171143628770756 -0.236519504736484 -0.245477866186614 -0.191671555150091 -0.247351276647378 -0.258121557061007 -0.260233662176258 -0.200007835241867 -0.268204693328287 -0.267181192450817 -0.207056639456105 -0.1868369867379 -0.193252866968481 -0.192019611253634 -0.189900275376123 -0.190218534915438 -0.220828740814936 -0.304916131782094 -0.289987584477319 -0.230108997471668 -0.23004391087943 -0.222721105214624 -0.235357548558687 -0.237650492498446 -0.255763889787611 -0.249178013357825 -0.281592883654319 -0.361926222937688 -0.334925393440669 -0.273477153416735 -0.249445593184763 -0.258472653090175 -0.253828885576435 -0.259257411704673 -0.261539489214885 -0.268704028893323 -0.271250081403601 -0.267980649791046 -0.266089165942718 -0.252782189619193
