sesion_7_reto_final/reto_final/modelo_enebrales2050.asc
NCOLS 708 
NROWS 329 
XLLCORNER -7.525 
YLLCORNER 35.991667 
CELLSIZE 0.008333 
NODATA_value -9999 
[rows 171 to 189 of 329, columns 43 to 85 of 708]
-0.022513517051115 -0.0201807906689415 -0.163908114559578 -0.160620609559459 -0.200103738533804 -0.21850284368213 -0.271712418082437 -0.214954934972673 -0.0050402268993807 -0.0027689920144724 0.104019065197418 0.00664283567085628 0.0768265780548307 0.0138810667436691 0.0981492965353356 -0.0295695044191266 -0.00786703490204118 0.0894694121821066 0.0826629382896417 0.0798926050409098 0.0491124267464512 -9999 -9999 -9999 -9999 -9999 -9999 -0.217277174951971 -0.168761969328879 -0.310865443842785 -0.174280926771492 -0.246218732288987 -0.174320709213906 -9999 -9999 -0.288613227089914 -0.116149107760544 -9999 -9999 -9999 -9999 -0.0620258706522685 -0.0323017449154353
-0.104369455575779 -0.112532168177621 -0.135778922186608 -0.06188814132352 -0.0730033832704082 -0.0716471445610313 -0.0766597728775608 -0.0900064672669428 -0.158117886978081 -0.0149005040765715 -0.00513063440951317 -0.0321639917824433 -0.0626656929800011 0.0142788911678132 -0.0554455352947519 0.0700201041623657 -0.023188413691867 -0.02109438196418 0.0884929245093101 0.079813040156081 0.0490328618616224 -9999 -9999 -9999 -9999 -9999 -9999 -0.306001078866366 -0.306999275594013 -0.169141720365459 -0.175539527208476 -0.231895550226808 -0.175177849559459 -9999 -9999 -0.119895928682073 -0.06623788098566 -9999 -9999 -9999 -9999 -0.0784539270674379 -0.0899887024933208
-0.133117093639816 -0.138509472992926 -0.0650165165539816 -0.0640400288811851 0.0107874572122854 -0.0137142615663993 -0.0207196476709362 -0.0182675739615195 0.0119339410842866 0.128396443709767 -0.00335849788842852 -0.0852144364130928 0.0258484560970175 0.0213240597147645 -0.129596719867177 -0.128978274176111 -0.106798415350052 -0.107496425925948 -0.247824128251482 -0.146099348228082 -0.147115618343293 -9999 -9999 -9999 -9999 -9999 -9999 -0.164418411771134 -0.250321357369078 -0.167467222116767 -0.169998860711012 -0.174581112923243 -0.14521502916814 -9999 -9999 -0.0429115620918439 -0.0365137552488267 -0.0388356152014532 -0.09265276886328 -0.148285477155893 -0.267953682073497 -0.0945709309013084 -0.0569662053268213
-0.022911341475259 -0.0468163236177277 -0.0669694918995746 -0.0209294263125553 -0.0182784403910666 -0.0140325211057145 0.0300545691357117 0.0260582109343932 0.101164174124764 0.102498703779291 0.0546539499910323 -0.0284388799157657 -0.0590780018281303 -0.148149105098951 -0.128001786503314 -0.0468619319421092 -0.199400711214571 -0.16542930892058 -0.362514494355878 -0.314158418502442 -0.210997834884837 -9999 -9999 -9999 -9999 -9999 -9999 -0.35580380093931 -0.30677865432709 -0.304576141701707 -0.246024813016008 -0.306109583568305 -0.115331773661649 -9999 -9999 -0.124290111307535 -0.124738560799397 -0.130398550819861 -0.305495558878913 -0.277257861804003 -0.306108131079526 -0.0993665736182022 0.0529683005030948
-9999 0.0639283093530673 0.0667384250442136 -0.0774265057129815 -0.073958161888354 -0.0111826229721538 0.124291580806509 0.126183064654836 0.102039387857881 0.104730156221785 0.0546937324334467 0.0536774623182358 -0.0601159809981919 -0.0891023137167151 -0.0997351734155372 -0.187330690649737 -0.244127956201915 -0.114689881617253 -0.112697123829246 -0.00848048765401483 -0.129199752190151 -9999 -9999 -9999 -9999 -0.360216056952336 -0.335338222804358 -0.335338222804358 -0.164776453752864 -0.111147345873562 -0.274193787831392 -9999 -9999 -9999 -9999 -0.00862325753034331 -0.0071982965614413 -0.19962751458589 -0.147354621611721 -0.22688731910771 -0.33096789183994 -0.0944226437569545 -0.0880754857858988
-9999 0.0338244325796537 -0.0192657944934102 -0.0226039245612475 0.0093118711756653 0.0709120102069969 0.0702031570057975 0.0990701423970775 0.0998079354153876 0.101641563433737 0.127817780461114 0.119796124241366 0.0477389713966279 0.0787578443455729 0.0740743181936624 -0.159320845604011 -0.105095001088493 -0.0292064694983037 -0.0602651248896632 -0.0672307285517857 -0.216039403018477 -9999 -9999 -9999 -9999 -0.366909033203769 -0.345874801502594 -0.192099130847998 -0.247171273083766 -0.419494336031042 -0.363593993266832 -9999 -9999 -9999 -9999 -0.0571095233363254 -0.199560173402414 -0.141160743724113 -0.340488224227208 -0.340079533373517 -0.15395046011545 -0.058590054703552 0.0058382734064896
-0.0292693658758618 0.0300776116581252 0.0215337907478969 0.0883396206216196 0.00325403292681414 0.0126608676730496 0.0627492976051551 0.0951641917058915 0.0978947425122089 0.0966397777425116 0.096140679378688 0.12484853500031 0.0505201472706635 -0.0293597495817509 -0.130204322932941 -0.0469523632564851 0.000148747827252809 -0.0289569322185136 -0.0650282159264025 -9999 -9999 -0.249510349676839 -0.294261517737957 -9999 -9999 -0.270072541230562 -0.27175840643349 -0.41954496109876 -0.416684220339895 -9999 -9999 -9999 -9999 -0.0235988180397927 -0.050143919674203 -0.185321549164157 -0.322821062410982 -0.322611283769363 -0.12792752317152 -0.124321758632086 0.0362495432896715 -0.0610073389096474 -0.0171191608802932
0.00106233912249127 -0.179088460771554 -0.0296888993548566 -0.0824391578337544 -0.0296382504828951 0.0321608007605086 0.00364101472565452 0.0323488703472769 0.0314121651168947 0.061136290853728 0.0760381361645592 0.0453375227549293 0.0435038947365795 -0.0155646057005067 -0.0726801307919997 -0.139412245467104 1.85340704624991e-05 -0.120740512908088 0.018751758126744 -9999 -9999 -0.137062302444484 -0.153803625459875 -9999 -9999 -0.222534347609198 -0.285474009234149 -0.137522475113011 -0.0535725048606595 -9999 -9999 -9999 -9999 -0.185061169259064 -0.325421423264752 -0.327090048022991 0.0341771968125919 0.0381229299461923 -0.0485865071253438 0.0680170518822302 0.0398480770668459 0.0424592805459202 -0.0134808446607044
-9999 -0.202460435598238 0.0803685656653464 0.0477041342848199 0.0174519941712957 -0.0592995274506571 0.07240478907982 0.0772076625589738 0.0850304065666496 0.0872437856215798 0.0146079695281888 -0.0142590158630911 -0.0230582475435635 0.0329614425478899 -0.0389763629696055 -9999 -9999 -9999 -9999 -9999 -9999 -9999 -9999 -9999 -9999 -9999 -9999 -9999 -9999 -9999 -9999 -0.132260285712448 -0.0504730456430652 -0.322980215984883 -0.314828346008345 -0.0186634929806819 0.0411428004747144 0.0747330944603193 -0.0278944580372588 -0.0260210475764946 0.0710369224107524 0.0437250879409213 0.0214946040471448
-9999 0.0192964410107058 0.0210505041442267 0.0371277493399264 0.0110650299535822 -0.0986750322744228 -0.0668785838647532 0.0342503162695478 0.0435884287562582 0.0716380562443992 0.00137474897559607 0.00149409630283929 -0.0281504645491652 -0.0259985769915001 -0.0297056154706141 -9999 -9999 -9999 -9999 -9999 -9999 -9999 -9999 -9999 -9999 -9999 -9999 -9999 -9999 -9999 -9999 -0.120946131553487 -0.302482086169777 -0.322141149026893 -0.174619991010054 -0.155891759892865 0.0460360814640006 0.0785703228919802 0.0800459089286004 0.0748343683999988 0.0774057894366587 0.0765884315335198 0.0464954211896532
-9999 -9999 -9999 -9999 -9999 -9999 -9999 -9999 -9999 -9999 -9999 -9999 -9999 -9999 -9999 -9999 -9999 -9999 -9999 -9999 -9999 -9999 -9999 -9999 -9999 -9999 -9999 -9999 -9999 -0.0159858764779793 -0.171226266739648 -0.169403481346602 -0.108881103927747 -0.347333671423457 -0.200886639351806 -0.110697992026096 0.046943846877272 0.0787402952869415 0.0520866889505917 -0.0660611545488842 0.0231907875464445 0.0206989313946134 0.0180588119026717
-9999 -9999 -9999 -9999 -9999 -9999 -9999 -9999 -9999 -9999 -9999 -9999 -9999 -9999 -9999 -9999 -9999 -9999 -9999 -9999 -9999 -9999 -9999 -9999 -9999 -9999 -9999 -9999 -9999 -0.211447212536546 -0.162857434967718 -0.0953535945180996 -0.107315110380994 -0.353204821161589 -0.0970909177316197 -0.149403569343959 -0.263963721691564 0.0193824513234075 -0.00743028478259994 -0.00318436549724789 0.102786333811504 0.0484013595263284 0.072114660218985
-9999 -9999 -9999 -9999 -9999 -9999 -9999 -9999 -9999 -9999 -9999 -9999 -9999 -9999 -9999 -9999 -9999 -9999 -9999 -0.0889002410810013 -0.189705031989777 -9999 -9999 -9999 -9999 -9999 -9999 -9999 -9999 -0.208977089243809 -0.194961300291399 -0.112396484761292 -0.0363321072856879 -0.253893713481241 -0.254421727857932 -0.0666181563511727 0.0496273606746717 0.074299075652561 0.048061367127919 0.0540396404919413 0.107697688188354 0.10867417586115 0.0465460224531279
-9999 -9999 -9999 -9999 -9999 -9999 -9999 -9999 -9999 -9999 -9999 -9999 -9999 -9999 -9999 -9999 -9999 -9999 -9999 -0.0675377639623253 -0.196392182359242 -9999 -9999 -9999 -9999 -9999 -9999 -9999 -9999 -0.272758055649917 -0.14634484453287 -0.123989139821397 -0.152168957262085 -0.15730592584495 -0.35300593275376 -0.304434228572496 -0.103721569542913 -0.0982206854878634 -0.0751439038738374 -0.00532904609689635 -0.00267806017540767 -0.0208782531116616 0.0537901032121513
-9999 -9999 -9999 -9999 -9999 -9999 -9999 -9999 -9999 -9999 -9999 -9999 -9999 -9999 -9999 -9999 -9999 -9999 -9999 -9999 -9999 -9999 -9999 -9999 -9999 -9999 -9999 -9999 -9999 -9999 -9999 -0.255545193011763 -0.181245721294984 -0.354919149461182 -0.151515722067696 -0.0547868542450685 -0.300437870371177 -0.0435861739228977 -0.045908033875524 -0.013135097793058 -0.0162743156488232 -0.0185961756014496 0.0896457585922106
-9999 -9999 -9999 -9999 -9999 -9999 -9999 -9999 -9999 -9999 -9999 -9999 -9999 -9999 -9999 -9999 -9999 -9999 -9999 -9999 -9999 -9999 -9999 -9999 -9999 -9999 -9999 -9999 -9999 -9999 -9999 -0.354227036179984 -0.40886154774495 -0.247273975707982 -0.12684403089405 -0.0492859939942625 -0.0426892749391733 -0.296163035072958 -0.0394306859519215 -0.0426494686925156 -0.0170012660418297 -0.0192037786672128 0.0474827038792666
-9999 -9999 -9999 -9999 -9999 -9999 -9999 -9999 -9999 -9999 -9999 -9999 -9999 -9999 -9999 -9999 -9999 -9999 -9999 -9999 -9999 -9999 -9999 -9999 -9999 -9999 -9999 -9999 -9999 -9999 -9999 -9999 -9999 -0.14992668599853 -0.128268991862953 -0.0777840947785091 -0.0352752217851887 -0.0156500678800327 -0.143976448096015 -0.000345381401721023 -0.100701699014391 -0.0180175361570406 -0.0271856524445463
-9999 -9999 -9999 -9999 -9999 -9999 -9999 -9999 -9999 -9999 -9999 -9999 -9999 -9999 -9999 -9999 -9999 -9999 -9999 -9999 -9999 -9999 -9999 -9999 -9999 -9999 -9999 -9999 -9999 -9999 -9999 -9999 -9999 -0.0746855399165189 -0.126146044122398 -0.0363371478332679 -0.0130786706476162 0.0075288206165468 -0.0930322588944055 -0.0132436262992409 0.046477252585116 -0.0103706380347799 -0.0117557927570242
-9999 -9999 -9999 -9999 -9999 -9999 -9999 -9999 -9999 -9999 -9999 -9999 -9999 -9999 -9999 -9999 -9999 -9999 -9999 -9999 -9999 -9999 -9999 -9999 -9999 -9999 -9999 -9999 -9999 -9999 -9999 -9999 -9999 -9999 -9999 -9999 -9999 0.0215726688347073 -0.0924305293190962 -0.016473275469382 -0.0115966867916099 -0.0129022766290254 0.0689247458827715
