sesion_7_reto_final/reto_final/modelo_enebrales2030.asc
NCOLS 708 
NROWS 329 
XLLCORNER -7.525 
YLLCORNER 35.991667 
CELLSIZE 0.008333 
NODATA_value -9999 
[rows 190 to 208 of 329, columns 559 to 601 of 708]
-0.096185690242484 -0.0914551341178283 -0.202010347266221 -0.218112920415988 -0.209786108909639 -0.234627820086733 -0.248451927589331 -0.226510787222003 -0.312721149733959 -0.337188959560683 -0.35858125704783 -0.37426655130984 -0.209748158982676 -0.278740665917385 -0.277223940166544 -0.228072215464821 -0.246683337077933 -0.38575607463377 -0.309361213917497 -0.316037497857415 -0.365811280113249 -0.311628853707432 -0.365822098934309 -0.255685045225034 -0.359518311464468 -0.247800826488164 -0.245395742179178 -0.243355971186496 -0.245171525817282 -0.325526509778945 -0.253782687910986 -0.207592073552203 -0.219458148393558 -0.225783621114006 -0.240362213946428 -0.237136176639331 -0.231971666083475 -0.262762687003237 -0.271952495577523 -0.425368726406269 -0.275008512881172 -0.26358731624095 -0.257156957717778
-0.0761459243846962 -0.11717564708684 -0.171889771145121 -0.171057934949391 -0.188466121740817 -0.195080937987713 -0.217517588660065 -0.216678545506319 -0.286243866003469 -0.314411483547048 -0.308401515249988 -0.239341190411358 -0.206710191262347 -0.221737257390875 -0.277737476250644 -0.290370324499734 -0.248643543185786 -0.313849446756552 -0.401278603458834 -0.313444391570148 -0.3157192383181 -0.363858304767656 -0.475029678175462 -0.365391722830011 -0.362364597734985 -0.305321406766061 -0.302579989530196 -0.246780920705666 -0.412666370563267 -0.399797065482857 -0.357055347521261 -0.33035109231295 -0.224163407404562 -0.222648038925528 -0.229523235077518 -0.23009100809238 -0.234192275900665 -0.233071136750801 -0.27403929654295 -0.441942808338382 -0.271171325021825 -0.256596344052446 -0.259945364354074
-0.0993564672419988 -0.0830283107266322 -0.0764424819053334 -0.204089036918028 -0.210512147910869 -0.208591771853917 -0.20700045738927 -0.250017040584723 -0.156345571141794 -0.134406685365703 -0.176340530777658 -0.221985050336014 -0.240892722433591 -0.266086084809201 -0.211699777056463 -0.282811596064439 -0.291581935536287 -0.24595641048917 -0.255019640973952 -0.36796678657013 -0.356225868169915 -0.255609187420222 -0.251779142142335 -0.256940033798975 -0.369109603934428 -0.302891065915738 -0.302330452250406 -0.35959424068201 -0.408930416071285 -0.24164892125765 -0.245265528422388 -0.35467199607137 -0.355879947636393 -0.251084648212509 -0.259605402796081 -0.258549326434212 -0.264968818527836 -0.266458882857047 -0.287876525066332 -0.446051283104683 -0.276520350641791 -0.329744362762375 -0.325549092348984
-0.109298547127185 -0.100228069112072 -0.103609664898098 -0.141145675249232 -0.255286341726329 -0.252327962695072 -0.252085656177542 -0.162663741687252 -0.10716849468176 -0.200134746590777 -0.206876157695247 -0.217801972783561 -0.20573057817885 -0.243852475504725 -0.180195420252995 -0.208141042489773 -0.220007117331128 -0.222871558133837 -0.198384253271186 -0.212044238065033 -0.224836175511466 -0.341240798502725 -0.230478092144366 -0.227078511151578 -0.33784840066371 -0.253587442206617 -0.309661328656518 -0.397377591062082 -0.445874699493368 -0.463116478144389 -0.350758838422167 -0.465438338097015 -0.393341402809862 -0.410405978303662 -0.412727838256288 -0.411956112481774 -0.320648563829367 -0.44862998251209 -0.362901501723511 -0.491371152340511 -0.357487413315551 -0.331899845415013 -0.326948708595748
-0.0955409002567017 -0.105710855975314 -0.113233420867411 -0.114383499834385 -0.160107591313743 -0.299484110116304 -0.211158071198368 -0.19831910377919 -0.21290996088528 -0.186017659894444 -0.209183491746796 -0.219093060524142 -0.196435836193355 -0.206038011860932 -0.15900562303672 -0.162134862050471 -0.165266832375906 -0.173498307809587 -0.171342825156949 -0.179328294029255 -0.203205200137903 -0.22902423896684 -0.224655312882714 -0.335949669285051 -0.229881331703907 -0.265062963958402 -0.309267139899661 -0.236936479092872 -0.342614199207889 -0.375032728975912 -0.339330329875057 -0.23123668282575 -0.407545237544798 -0.464892226528517 -0.29913694281922 -0.305643230559933 -0.260495094821788 -0.275109834429338 -0.413326288386739 -0.421268379721658 -0.346507378064546 -0.269536633019791 -0.260958022606241
-0.0752127022642428 -0.0817695983046035 -0.0850607865804965 -0.124991055383384 -0.149326373057837 -0.161232318522407 -0.210995322529494 -0.158381620982114 -0.150117675012906 -0.171705272849082 -0.169271336903787 -0.216076801858664 -0.205220589581236 -0.216475554442656 -0.168882599561597 -0.179840973366238 -0.160803951295161 -0.162944972423279 -0.154713618706541 -0.169339200939394 -0.181487388544937 -0.207555964653664 -0.20692665253305 -0.208485439121786 -0.217960972323303 -0.263424588680594 -0.409435371157492 -0.241728509946722 -0.224896796189269 -0.331001256741297 -0.278927299783444 -0.39104624485118 -0.398966627131248 -0.283560177063393 -0.23036144528839 -0.239471705745918 -0.270439929822901 -0.287691217631663 -0.302891851250125 -0.278657743138795 -0.321787816939108 -0.258986973873084 -0.278060166523532
-0.0644025917997127 -0.0240442490922511 -0.0994649243354516 -0.0681349582328937 -0.0814297822677958 -0.0754007956552546 -0.153896959433788 -0.174991866457425 -0.141003812424233 -0.0654154907900391 -0.0770284332566307 -0.131121380312162 -0.208312794232327 -0.229958271702724 -0.233386816316867 -0.175522679386003 -0.172741527316211 -0.259443733625487 -0.162044454540339 -0.152286801538461 -0.16058693485511 -0.275095064290876 -0.276393447170275 -0.212585778770224 -0.218734048333451 -0.23063633432649 -0.248053942094856 -0.231211361907856 -0.184066057111928 -0.206849835727975 -0.327854808123272 -0.383324774783184 -0.359766968192898 -0.36281577853853 -0.283401047293736 -0.232516968513342 -0.203838028904587 -0.213226790263259 -0.218894011045983 -0.397076000030037 -0.438621983091791 -0.439591240002328 -0.239923790905067
0.0199048934097106 0.0187909850221071 0.026866861404546 -0.0316866883362489 -0.0271985031056808 -0.0273829132209187 -0.126649381309047 -0.122634885343607 -0.136114095689504 -0.0651659059017623 -0.0808078058583135 -0.135989357151625 -0.149367252985528 -0.221773866814102 -0.223542415276387 -0.224793791987284 -0.201119416989924 -0.155294955926491 -0.141480333777391 -0.14242426273386 -0.137180187293175 -0.141896200748682 -0.17400370173965 -0.18296929395204 -0.197761260521055 -0.211797384488439 -0.206438420598774 -0.191888719974975 -0.209160876859541 -0.201081341005572 -0.25482616054483 -0.286564753124521 -0.295382058192557 -0.356978561556602 -0.360226284114307 -0.226115549807281 -0.233142644966669 -0.204673483999533 -0.212235824297872 -0.331034688972812 -0.347200103855478 -0.373654797979755 -0.353894461182959
-0.0372373504437972 0.00294239126232284 0.00543424741415389 -0.0025150984872685 0.0345159567776594 -0.0155060125223311 -0.0606731260036437 -0.0669190576435066 -0.0796134211941047 -0.0933312618179303 -0.113385441591751 -0.102471373484345 -0.147070649574238 -0.160821065682462 -0.172723375479745 -0.174774036706217 -0.227068614930992 -0.151891732230243 -0.11442442033439 -0.114666662475363 -0.111733604362001 -0.0747025490970726 -0.13378778945416 -0.10174763668284 -0.162008236352481 -0.180854440757036 -0.191299237905262 -0.332986750230903 -0.207989095873889 -0.362579862804214 -0.248620058955868 -0.27631164446228 -0.286684100451765 -0.256620006120765 -0.211453796995057 -0.216180700684355 -0.224809959969866 -0.234813531352317 -0.239884015498825 -0.324007617617668 -0.316445253515086 -0.317541088515126 -0.239511535796819
-0.026925851890747 -0.0119638891225277 -0.0240665257440736 -0.0469696754916079 -0.0617761441574566 -0.0323363522399074 -0.0248833566225548 -0.0851548227217434 -0.116893479677992 -0.0698372083523195 -0.122253395531749 -0.131193707398558 -0.138090660213886 -0.125415257638385 -0.169757765686228 -0.192368864399874 -0.244261982533219 -0.167497373426623 -0.110239944937817 -0.0936831131822915 -0.0968367687583334 -0.0676573567458779 -0.077378839168385 -0.099975459589441 -0.167046192623078 -0.172789366427587 -0.1755090746086 -0.223316331386098 -0.254374122994168 -0.242750290293786 -0.184401509487446 -0.191493691239072 -0.19747917156111 -0.201497262621523 -0.260518749853935 -0.213786547181474 -0.223131890430444 -0.199100289626158 -0.294775342714328 -0.233157130295432 -0.20161385483284 -0.200539728887651 -0.234545920684964
-0.0381143155477374 -0.0108363424213801 -0.0770527069934608 -0.087164783077852 -0.0876602457743885 -0.104492007140328 -0.0472448942521681 -0.121501876019094 -0.121679102980558 -0.121393483302198 -0.154611257013483 -0.128825657452233 -0.118456837130035 -0.151624050150159 -0.168383429785044 -0.336249444569715 -0.245129965504076 -0.16971438814884 -0.113834866851948 -0.0972020415023231 -0.101415385303277 -0.0815935808134595 -0.0909136031445355 -0.19843311020001 -0.261740258587874 -0.264991640617109 -0.244569463823788 -0.207858865349028 -0.258247545809443 -0.238442967691969 -0.167435970110159 -0.236164437668243 -0.165664673568121 -0.202719675711066 -0.265216737530365 -0.266544036422632 -0.213851633773712 -0.224719576263977 -0.20247461407761 -0.23576835757875 -0.222846165803213 -0.196315542461393 -0.199541555964247
-0.0584578150437629 -0.135593992460588 -0.06867611039844 -0.108698120179023 -0.113595060639839 -0.0928654669325066 -0.0971114100221021 -0.107154787651211 -0.129049802401399 -0.127212562520005 -0.133758656507377 -0.129784031165152 -0.162770405360768 -0.157425079784646 -0.152329315292558 -0.16457877683778 -0.232095657163555 -0.176397838474461 -0.119610616140854 -0.107277930239273 -0.112388196828195 -0.0572726602869691 -0.147287699550432 -0.0712327906602541 -0.13481850432582 -0.135520174373246 -0.138912548408018 -0.190857179196614 -0.3552417220997 -0.236602092143289 -0.163179208199503 -0.148283260183369 -0.161668315366802 -0.20618440767265 -0.270146189099022 -0.265856892276283 -0.264312607784381 -0.213989078292762 -0.195621150784714 -0.195816427329499 -0.22189864175177 -0.192785730943744 -0.192478314029732
-0.0476318522467651 -0.0499465052413748 -0.0923844181520034 -0.09532474759994 -0.0917935788104845 -0.0690061645271498 -0.254328722507382 -0.110474844331485 -0.151030765783456 -0.151728800163595 -0.121935999775723 -0.128048105795752 -0.253859594373662 -0.209763018778739 -0.12970372151825 -0.134181104695829 -0.215256672071528 -0.173240571035375 -0.133545442364315 -0.124713611395202 -0.12535376614112 -0.0686360654737706 -0.0693485781465003 -0.0729507308228911 -0.134044523960068 -0.135502060413368 -0.133986756310891 -0.166068895811651 -0.236001662499401 -0.233343574568767 -0.173088784013022 -0.180578766384548 -0.167653843297328 -0.209262157835393 -0.266352378777063 -0.256837103705445 -0.197349045985121 -0.214347120274492 -0.191635635208699 -0.187845419981712 -0.17018910079079 -0.202209782330426 -0.180890675712964
-0.176681652137338 -0.179231364119147 -0.0975164819765769 -0.115758718982655 -0.11152723741758 -0.119331931841936 -0.123505581381276 -0.117559859697408 -0.119849191774124 -0.125990254379334 -0.153699937077553 -0.152376257084503 -0.234633662736771 -0.269564843623974 -0.265491675653753 -0.177633056934674 -0.209871564052992 -0.172188065964236 -0.166567898958501 -0.131545413241734 -0.137534553035303 -0.139903426192604 -0.0772038808705032 -0.081525729373397 -0.150724403086681 -0.14552009332034 -0.137928837009134 -0.161927845560951 -0.319422761627944 -0.213654722183595 -0.227184445612166 -0.191974770859991 -0.171093230536774 -0.209352589149769 -0.263777386449673 -0.253697862045437 -0.195895169003352 -0.180706265597726 -0.189212501316393 -0.192528946133623 -0.208904163462151 -0.119189286546196 -0.118057280966786
-0.215696836583893 -0.199097409929642 -0.123013666171226 -0.128098611842253 -0.134286663847895 -0.141158288709155 -0.134210734630353 -0.139266828665071 -0.165276708964773 -0.166376203436344 -0.165826480004802 -0.221777431068659 -0.215155414899919 -0.320261750137031 -0.24888946304316 -0.207770301563045 -0.224291003311514 -0.242837021564317 -0.188748573959362 -0.147049828106921 -0.14541874796793 -0.1477406317248 -0.152272258869313 -0.157046216335599 -0.156453139170913 -0.158872661200176 -0.153024625397187 -0.173193676851918 -0.15157353437176 -0.146984034629198 -0.348804228031242 -0.305453549732076 -0.2088824544073 -0.216018030464384 -0.208998159031083 -0.266262011839244 -0.198604010754818 -0.215866124420813 -0.283260086128615 -0.284381225278479 -0.304184980184976 -0.125966820621551 -0.119876471264859
-0.198363293150933 -0.213010567670567 -0.14158139347888 -0.16751168508951 -0.147006372120631 -0.194444720486852 -0.178426664588693 -0.196412157356965 -0.197023331713457 -0.256750084088268 -0.244493415585029 -0.244569344802571 -0.254652481069851 -0.381125785840043 -0.39662296994297 -0.368580613789403 -0.265657844274923 -0.344360086651232 -0.288919083612674 -0.247119063820553 -0.151483816979041 -0.15243138863897 -0.157263201935235 -0.159487447419712 -0.169266826244511 -0.157896173527379 -0.163664692054026 -0.153672010905365 -0.152145799801026 -0.190835541554493 -0.314986962567815 -0.277263746413202 -0.225891411894288 -0.23074491044116 -0.279176932280208 -0.266507913451748 -0.264898542367608 -0.220412229857917 -0.289180503662659 -0.345652238340948 -0.30898062290187 -0.13070463131271 -0.12962684589599
-0.239116728970856 -0.251604908974808 -0.165794632514406 -0.192097492007844 -0.199869610947802 -0.20668333940677 -0.262580070307936 -0.257386667543456 -0.26895621570459 -0.378029945521665 -0.26329983754717 -0.213334326233037 -0.399610305559409 -0.441628167698283 -0.49444886193094 -0.367291984305129 -0.320746137725202 -0.367813840381668 -0.321619661768328 -0.286235522206788 -0.195164454189943 -0.16483274919159 -0.198524340921118 -0.202940256405675 -0.205880585853611 -0.186550648965357 -0.182395160994381 -0.177646572054476 -0.174510989865997 -0.183096831041807 -0.219345341711161 -0.350006686132483 -0.409136678066834 -0.23797091781262 -0.227464652971372 -0.280666996609419 -0.27518059084696 -0.219775710779286 -0.320488696333809 -0.321110737119849 -0.315378429744887 -0.20076039776306 -0.136089739331245
-0.192882226818098 -0.281060026200167 -0.211638047516764 -0.213779092449125 -0.264829572333751 -0.27525270099944 -0.270869384803525 -0.26799416575207 -0.260297999833897 -0.364257891771321 -0.26520214725273 -0.390467493421727 -0.420232258348091 -0.397004410669542 -0.517088845817038 -0.513540960911825 -0.437783644127804 -0.397914057683551 -0.378254138079318 -0.349806709971276 -0.207019726978308 -0.205913049352965 -0.211533304539501 -0.275784429492321 -0.225384994587404 -0.344422553916831 -0.315009480761296 -0.313577312834378 -0.204044290900136 -0.207773038434101 -0.211288395463403 -0.252578450462153 -0.406191355679804 -0.308829604445833 -0.239609245481941 -0.242133653313927 -0.292464389763562 -0.288938190108957 -0.236817203178359 -0.32751938658817 -0.238491701427051 -0.195957524283907 -0.196648327901786
-0.268532903732847 -0.328266886869918 -0.330769609451296 -0.344737011159155 -0.427026985259649 -0.421204270374554 -0.360660207705091 -0.282695765383266 -0.260160602923334 -0.249827929376263 -0.380460333980475 -0.398424046281166 -0.381922250863135 -0.429541366641134 -0.431429231590245 -0.488685813063832 -0.467590089865393 -0.379346330375898 -0.287324078836081 -0.315666668749886 -0.422519788749771 -0.377653789580058 -0.386532609949602 -0.31639454730274 -0.408377040204386 -0.41514375545868 -0.42263019034372 -0.364111437142419 -0.256878566105953 -0.279664670725968 -0.280731565908897 -0.394846904431927 -0.283071523053331 -0.338266624479385 -0.283850472553932 -0.279358627851834 -0.327049244809527 -0.324919066306713 -0.270917438153091 -0.31709128878763 -0.23528376131176 -0.200702541933082 -0.192369833132036
