sesion_7_reto_final/reto_final/modelo_enebrales2040.asc
NCOLS 708 
NROWS 329 
XLLCORNER -7.525 
YLLCORNER 35.991667 
CELLSIZE 0.008333 
NODATA_value -9999 
[rows 76 to 94 of 329, columns 559 to 601 of 708]
0.391224751083315 0.377014420616295 0.415921083592839 0.394586723080298 0.319719900424443 0.253785295089847 0.130092261838087 0.0600319315606017 0.0411169881284512 0.0264479639816527 0.0201803946996692 0.103489329654742 0.0910228013652564 0.0800029430995231 0.0676378175028315 0.00855488638164141 0.00778092982013328 0.00063457551430335 0.0606397000371433 -0.0156113015726222 -0.0427892628141325 0.0118958570504807 0.0435042834818685 0.0612826645436467 0.0601796463898337 0.0420820608608221 0.0123615945955193 0.0355142410505296 0.0210116418122062 0.000758597434800039 -0.0704300789505654 -0.103739164527586 -0.0959426219891658 -0.110271653737555 -0.260231287722581 -0.300659233240928 -0.389192336256871 -9999 -9999 -9999 -9999 -9999 -9999
0.462091427313207 0.381574987577918 0.359043413176786 0.33754533526321 0.25931871405698 0.132605786472455 -0.0205762491523818 0.0449361431725483 0.0112843576896783 0.124900516704257 0.124010824678549 0.0448158579535597 0.0183169295447774 0.0819749199925272 0.0576350455271124 -0.019422447556245 -0.0653417441676573 -0.0108012925481819 0.0529001565815834 -0.0115353784864748 -0.0485650526753534 0.0234437367290775 0.0652753870776782 0.0582917744045495 -0.0318389932869397 0.039930173303157 0.0382448324291611 -0.0123507833761452 -0.0332512132617289 -0.0620214647362206 -0.0817067122945214 -0.191185020577556 -0.212071012742863 -0.231691173708926 -0.245184797970856 -0.287323429085337 -0.37428830073136 -9999 -9999 -9999 -9999 -9999 -9999
0.392833547534311 0.364244175456642 0.328714480062431 0.246679458256607 0.201063095876699 0.096739781955608 -0.0411150657655064 -0.0403989818020471 0.0785697503189833 0.0976040005060628 0.0992278093104795 0.144987183781675 0.108112187520364 0.0832008805685564 -0.0408347573720793 -0.0796157228104815 -0.0403590004127128 -0.00269641197207483 0.0555728515579228 0.0179175009157175 0.0173714369557063 0.00426836578334634 0.0657202652788108 0.0531380659016828 0.0376408174221982 0.0758364537509345 0.0617569592823355 0.0467733112635088 -0.0650137765236814 -0.0992270156509302 -0.123360730373942 -0.101063762043807 -0.102828667802632 -0.11981234494404 -0.175756945796998 -0.179756915861361 -0.279464538302533 -9999 -9999 -9999 -9999 -9999 -9999
0.376094972598673 0.352543532987357 0.271977842224228 0.255127062542806 0.116229736201053 0.0793330000444753 0.0728085507353975 0.077394374238358 0.0847360526974598 0.117835335828618 0.171730179810708 0.149173284491682 0.1347594030735 0.0747461575051411 -0.0627334077895536 -0.0993724001357472 -0.0357695818147793 0.0911920263024192 0.059735570291159 0.0590376073237501 0.0594743098347046 0.0521001034996918 0.0401001386619457 0.0361905761077159 0.0345630910636981 0.0476738221102767 -0.0488836922413403 -0.0563954074719608 -0.125111675132936 -0.17368198147008 -0.162084357275126 -0.0904960295095375 -0.106083685499154 -0.131409945334751 -0.187405195059671 -0.252285672705419 -0.249294694385521 -9999 -9999 -9999 -9999 -9999 -9999
0.328363773791832 0.263988713880391 0.23338483438755 0.156192556684095 0.0944903037340371 0.0703347917753734 0.117576871060404 0.148299217329128 0.154356991201422 0.185257397374484 0.119083005459498 0.109394081753318 0.0979611927768479 0.072202771929988 -0.000890979008762751 -0.0079505138632606 -0.00931400010296829 0.0754750847158594 0.0657644519548286 0.0749461897878077 0.061568405938949 0.0458614026220889 0.0449608679710775 0.0366679654166888 0.0260712286887506 0.0526756078015026 -0.0487787826343737 -0.147038361011917 -0.135520301701791 -0.151321307623757 -0.125754972057624 -0.0746226656607597 -0.114263567132956 -0.125887416601409 -0.162729068812005 -0.2213888783954 -0.228828235699209 -0.238925874063323 -0.239135628900699 -0.186045401827635 -0.250423081065715 -0.248141003555503 -0.257967371780733
0.260498701573227 0.241974375607204 0.172868864519978 0.115408871383742 0.0945480951874577 0.129240614956316 0.149301073528306 0.156833593458173 0.125600378040475 0.104516442395257 0.0692768661299827 0.0819278353751226 0.0802569798298902 0.0867298591433318 0.113376329934395 0.105911587336135 0.100714572708611 0.0898393826880152 0.0861974951776967 0.103163616224301 0.051380360064702 0.0951130034193715 0.0870840758650497 0.0434310211994523 -0.0128006615525437 0.0451783064869154 -0.0511332418756413 -0.0798455731435972 -0.135462469676057 -0.0257725319910809 -0.0316820830955781 -0.111008661421478 -0.0717330494613422 -0.115873002593653 -0.12865774985014 -0.185993896208556 -0.171094288720892 -0.235775789778011 -0.23437253786396 -0.232835460330074 -0.232651050214837 -0.186009255052508 -0.184841085929899
0.25261093534987 0.169318288875396 0.202296439772347 0.179432127539309 0.1689546975663 0.135012728577935 0.136906943737946 0.100588742076906 0.0981295495902736 0.0682127904395375 0.0821223601216619 0.0799595893663791 0.0785816892106383 0.111448675506696 0.102993007515363 0.106399907451212 0.08533310026564 0.0757490861664267 0.0622916730561816 0.0509210203390494 0.0613332420028781 0.110338941187658 0.0969502265326944 0.0319627064056843 -0.0755025328786122 0.0330445566016494 -0.105372190643873 -0.123596354262388 -0.0505396474181959 -0.0198231984441693 -0.0325369856179646 -0.0625866184244438 -0.0950630040224453 -0.109475195750636 -0.146313212293946 -0.210405207477109 -0.170027393537963 -0.173676576187099 -0.17050839470998 -0.225913274777653 -0.145055532980636 -0.145887328604052 -0.125287924849266
0.210493560374038 0.245337874201422 0.236914693513686 0.244248325035724 0.227774588883443 0.195485344712363 0.153550699893675 0.125767714340727 0.0889433599152042 0.0565456110421841 0.0730808219236595 0.0951739327111158 0.081409062114545 0.0657717092170575 0.111246199040067 0.0974813284434968 0.0876079708178354 0.0763205186528191 0.0634236548313487 0.104906772355961 0.106248532772747 0.0943498656789237 0.0746718250786394 0.0229681743761834 0.00157221741750564 -0.0140081672375372 -0.116330564448514 -0.124988739746892 -0.101671930010817 -0.0259967483529766 -0.0588253430145681 -0.0590676495320981 -0.0987049153370071 -0.129105342594885 -0.14154291429919 -0.207215340749382 -0.157314980404045 -0.103454384828273 -0.159130511230587 -0.12849502498551 -0.127109846459022 -0.11487929828041 -0.111060207612871
0.229404891943145 0.280614396648556 0.311546392805784 0.279087176239742 0.250964439026543 0.211517797758484 0.173163637133651 0.196427560174598 0.162000930542686 0.138775045609503 0.121703158208815 0.136459001806946 0.123836979415089 0.114837461482668 0.11649391014804 0.102674819388778 0.0839226651978155 0.0812536058887632 0.114328085394787 0.0988634362039437 0.098922689878042 0.0893133072524474 -0.0181279851538314 0.0468998347083526 0.0355906496842422 -0.112225701545256 -0.120536701291451 -0.0915562420633821 -0.0945905503121808 0.00247101477003902 -0.0612991257788354 -0.0627819187734722 -0.0714618031267012 -0.103399307918465 -0.195309442893299 -0.197678292246356 -0.108968866624553 -0.0975195939505096 -0.0856244505389293 -0.092076541921195 -0.0849590560197454 -0.0883587013890914 -0.104456257795521
0.240706805632681 0.295131521787957 0.323311322460574 0.296971395068335 0.292049198066181 0.312517443136258 0.276268092487858 0.233534163153595 0.203357047902009 0.195888774585333 0.195966924857971 0.167806449895852 0.12605714335225 0.170595438201465 0.114461393721861 0.102233600659176 0.0963095474578446 0.121586603874087 0.103355297674113 0.104126999644383 0.0916785853147752 0.0817545788171524 0.0684417933797309 0.0436268080008242 0.0248927033931821 -0.0298272465470664 -0.039103891340755 -0.00359541151287822 0.00464101628758184 -0.0530170658497504 -0.0525903016084956 -0.062463659234157 -0.101283567135927 -0.0968821537482043 -0.159071798653492 -0.101789913030081 -0.0980141522914421 -0.078933752682978 -0.0857582999630067 -0.0882212806742844 -0.084286413970231 -0.0971904679816473 -0.123693079666204
0.302437158420803 0.309539237869814 0.309152239302903 0.298580830529032 0.355883456475132 0.324427088644673 0.299637788919062 0.257176034079287 0.244588760618438 0.264934862673031 0.253018186568202 0.17715551699291 0.189438047511046 0.176494170484902 0.166327833665505 0.111372824738057 0.134613705256591 0.123756629195873 0.0264337798529555 0.103117960291433 0.0964561140717912 0.086098136374897 0.0525634603961034 0.0411421588070097 -0.00687256737620993 -0.0313715548432116 0.0040935068749636 0.00353291701387489 -0.0463335105752583 -0.0592521072558228 -0.0591255291663196 -0.0873162130365547 -0.0943215991410916 -0.150033872318533 -0.14975180012666 -0.0945928622438031 -0.0833713772223855 -0.0921380572227035 -0.0964563344348677 -0.0965865243874145 -0.118134339781176 -0.132430843653654 -0.145671294968507
0.331876463886009 0.315698414434902 0.291145125660581 0.293152344973109 0.306874274180424 0.290150960176039 0.294997680876853 0.302925405904225 0.288041529032086 0.236742997892592 0.193050589896539 0.213145021797047 0.195524825577008 0.186269913642414 0.123531919345461 0.107329453332064 0.132534151821495 0.0398839860051839 0.0323722707745634 0.0934131772166123 0.0858580438762903 0.065684564383713 0.0538654383704751 0.011590267092548 -0.0131618933215309 0.0263827509543221 0.0145201830271396 0.0254437673284591 -0.04342218532099 -0.0601418230857739 -0.0519248665169976 -0.096278233958215 -0.152554668287475 -0.153039328931022 -0.099623611556383 -0.107298092223948 -0.0972555783781288 -0.115389310682268 -0.118571970451978 -0.122933601397286 -0.14518306303423 -0.160597110961599 -0.192393559371268
0.36937993932506 0.319040227778513 0.289745597594618 0.264888527573573 0.237550444026 0.256885333281033 0.257362810770807 0.280746904349973 0.279886087764818 0.219010725679884 0.240410747417808 0.219861088179379 0.200902791014085 0.181231981176061 0.118909884690816 0.145930137811032 0.126190629517726 0.113297377559299 0.0220237616630959 0.101503555695885 0.0550946055018326 0.02958657868188 0.0302881843527486 0.0141182700195064 0.0430733845254379 0.0306358771976908 0.0319789710820397 0.0389011804387041 -0.0338924081525382 -0.0468615893285067 -0.0676571739836815 -0.111956280689894 -0.177740847509312 -0.174471456469071 -0.180945168725386 -0.213099659116785 -0.233953099601938 -0.161012104417703 -0.172664893703266 -0.181583496515225 -0.197073473660135 -0.214599626702754 -0.217369959951486
0.367347487275439 0.338045561952726 0.302280702622444 0.311315574959432 0.235785602643733 0.193977471537991 0.215972855872254 0.285166391125259 0.236706851117464 0.207734116140171 0.238595216591265 0.229634593513725 0.200844935184107 0.134078007201438 0.119311344782247 0.142613716798045 0.126729510323964 0.120671672075113 -0.0115245120569278 0.106563197217089 0.0535611874394778 0.0341651952268241 0.0330802266563313 0.0542451488347414 0.0393627747555943 0.0454183751812786 0.0391543533857814 0.0433098245886868 -0.013476574533944 -0.0466518988676886 -0.0777909591229234 -0.167047400668829 -0.229634829425947 -0.292819099768152 -0.298070358362611 -0.249804778200109 -0.230261427002948 -0.175890866633806 -0.247780349283307 -0.203688289907031 -0.221840095598734 -0.29540401212037 -0.240773136222692
0.349615150686173 0.324523021677929 0.307973315735792 0.324971819137121 0.286411539342199 0.229102540857757 0.215665527139043 0.265401643058687 0.233234936002107 0.227597964699814 0.238732637306072 0.232535140519247 0.196620724953605 0.133242575910735 0.154989797005085 0.145105572949877 0.0890800093679694 -0.00418636431624155 -0.0125009997297243 0.0653585805936214 0.102895964984633 0.0927874839952147 0.0737387555155444 0.0579594586484296 0.0572194278069527 0.0519571978340756 0.0521488387115735 -0.010471206102256 -0.0270280784300954 -0.066691552740432 -0.158414505716031 -0.186287793830241 -0.261204313393967 -0.3222583408568 -0.351208526800196 -0.325972626866245 -0.249198038917635 -0.269812784748302 -0.290329892306576 -0.286843475094384 -0.304232207422197 -0.403129678918247 -0.401397324839577
0.351900847095602 0.323550105295862 0.31614330670838 0.333828954256058 0.314586306503409 0.267120504344999 0.179321470499278 0.143567072290828 0.144203615173701 0.207318177756149 0.191289343609245 0.169379850566466 0.189926367626124 0.128041878007437 0.110703794551587 0.139007952258611 0.0924181632400499 0.121861533484502 0.114418540513406 0.102270288531306 0.1056048067361 0.109135999329799 0.0892482038921386 0.0712374545825299 0.0611325448838413 0.0704344938273536 -0.0407125035904767 -0.0632223045602004 -0.0929255850254729 -0.15003844318184 -0.184327611526631 -0.233845489523705 -0.322934666182089 -0.331719460142284 -0.269779393089101 -0.268202509308558 -0.193384532372828 -0.238833694241771 -0.255835444770743 -0.239275841131221 -0.255724232561364 -0.276024354520002 -0.390027576478049
0.343336674402329 0.334823150581017 0.320808742704656 0.378681427097272 0.355077124595071 0.247502581202103 0.140279631667266 0.0925410565769793 0.128554467686819 0.203925827525621 0.179944011810007 0.149517399850944 0.134877291717013 0.122182951970658 0.106598931648328 0.00912642112118001 0.129839835971105 0.135908476272946 0.134119623636104 0.115410863750599 0.104047417991484 0.104893715711734 0.0954615362433603 0.0814796562429105 0.0437085939407491 0.0488432365196474 -0.0665424088489609 -0.0872547929520196 -0.118639843000558 -0.17519204691928 -0.252242380653107 -0.26632189892595 -0.219072500697858 -0.206092453092342 -0.169786062788767 -0.13019946262389 -0.152672253035197 -0.160332295982485 -0.192144110272279 -0.227189185595257 -0.265782129055378 -0.288563200163986 -0.30271864765437
0.336331335906278 0.319434366231158 0.318052806603887 0.289474260383451 0.271440938235702 0.211727847978678 0.120521961805595 0.1173791726591 0.0756369443203999 0.16237534501329 0.138766073376239 0.143629533997054 0.132049102638303 0.113025678308456 0.0657885037817178 0.146306300788812 0.131065820351378 0.141783237874122 0.125533782460294 0.105128815271247 0.107975077737521 0.106705634675233 0.0868539216361425 0.0704272392608502 0.0500077699749687 -0.0156980957429108 -0.0815513610176112 -0.119724835375294 -0.141373924708735 -0.192848413718689 -0.262455730677178 -0.26680292390221 -0.212754323116227 -0.169692083987905 -0.148527631493768 -0.083089417015556 -0.0724530671706325 -0.112803580678446 -0.189789651031012 -0.235322941611918 -0.270158197720963 -0.30527560716651 -0.331029559403209
0.312750939709781 0.318063673033434 0.310139655086079 0.264212199552559 0.224476431691967 0.191746009363599 0.147204507959056 0.134332988859723 0.144516494711079 0.082547471072714 0.116176643145129 0.130663947916059 0.122302299297902 0.112743565544268 0.156552202493037 0.164296674511133 0.147356479855984 0.121392748977665 0.116022078679406 0.114264403682842 0.124365572765372 0.116271558618812 0.086911841842678 0.0250323619311557 -0.0105877647774314 -0.0973270460216823 -0.115598263417186 -0.137659679271605 -0.158444397497232 -0.207177493075565 -0.2735587965312 -0.214674746781666 -0.20574170624943 -0.129928240093493 -0.122155209761758 -0.0775814309513615 -0.0191240810665249 -0.069532474300282 -0.153379303084561 -0.188626885714584 -0.227993833344699 -0.257868484049054 -0.271000430661967
