sesion_7_reto_final/reto_final/modelo_enebrales2020.asc
NCOLS 708 
NROWS 329 
XLLCORNER -7.525 
YLLCORNER 35.991667 
CELLSIZE 0.008333 
NODATA_value -9999 
[rows 200 to 219 of 329, columns 172 to 214 of 708]
-0.252951180050869 -0.356934971257824 -0.355998266027442 -0.362963869689565 -0.369929473351687 -0.368992768121305 -0.445046279167362 -0.395055487507649 -0.40108438593939 -0.386069042987526 -0.391161236188884 -0.396213646947828 -0.408311226253723 -0.419472100329236 -0.438455718412425 -0.449576810045524 -0.504512364509359 -0.643517236552788 -0.57514488880338 -0.682733920220837 -0.686185880347892 -0.539960326290282 -0.614917669918114 -0.571766952488885 -0.433357960334555 -0.471807270135057 -0.436042546594062 -0.26914717683215 -0.383167615430643 -0.368010383153811 -0.409729981313986 -0.351099111547702 -0.454021024315065 -0.400551070009664 -0.49365248804225 -0.377656555904683 -0.234410280794549 -0.424309265105045 -0.321121146550622 -0.310573725227082 -0.223249478131766 -0.228341671333124 -0.171765027047869
-0.40419521211122 -0.411121033330928 -0.417110149320254 -0.318138986429828 -0.325104590091951 -0.331133488523691 -0.449201767138338 -0.455230665570079 -0.405239873910366 -0.410332067111724 -0.415424260313082 -0.400408917361219 -0.412466714224699 -0.42452451108818 -0.436622090394075 -0.483615553522991 -0.567537440705349 -0.65048284021491 -0.582110492465503 -0.714343155790856 -0.641940849502111 -0.705982528231497 -0.757073482993973 -0.542264304766092 -0.585016532934807 -0.343407174720457 -0.447691676408095 -0.383996672706203 -0.366886465083778 -0.370900063729787 -0.411563609332336 -0.406919889427084 -0.397881986896368 -0.292722819608788 -0.178658153761963 -0.174622036922473 -0.168614871349827 -0.213014395248601 -0.364106552105798 -0.338810565554874 -0.201614874127089 -0.320142468663145 -0.169761426634558
-0.353188150336296 -0.351354522317946 -0.358320125980069 -0.365245947199777 -0.265338079078969 -0.369401435170753 -0.389435256125357 -0.396400859787479 -0.457512743080291 -0.463541641512031 -0.412614144621936 -0.425608646715799 -0.438603148809662 -0.451637433345939 -0.46369523020942 -0.483655335965405 -0.615654821904298 -0.531517638812295 -0.568219067583672 -0.676744804231511 -0.682070174819331 -0.696898304931543 -0.557552607546831 -0.580276864447153 -0.44276479508079 -0.482190592554089 -0.418376241524953 -0.391569879434089 -0.225531650017729 -0.237407775113828 -0.418040981060182 -0.266581344476246 -0.304610620273064 -0.185866063941615 -0.18212649758659 -0.147769518374051 -0.135353703333084 -0.207661798337906 -0.139318081791667 -0.199584215497405 -0.290232178744525 -0.163597845835867 -0.189377095186217
-0.364422739610427 -0.334539484103937 -0.341465305323645 -0.347533986197799 -0.346557498525003 -0.352586396956743 -0.358615295388484 -0.393590744096333 -0.399619642528073 -0.405648540959814 -0.466760424252625 -0.48069163157687 -0.485783824778229 -0.442798419223053 -0.45583270375933 -0.5808665860361 -0.348738086380545 -0.510660610268342 -0.539459730147214 -0.625215245347922 -0.592005559146015 -0.592045341588429 -0.68127471788179 -0.595519202681082 -0.558817773909705 -0.446925824124035 -0.412058023371008 -0.239956962766705 -0.354136531134856 -0.36597287378854 -0.491562877316237 -0.261664997160302 -0.250952596380895 -0.186951056316351 -0.153668203049002 -0.14759954597909 -0.141172846927449 -0.120554536842226 -0.177307551341828 -0.0713641021601958 -0.184857359324872 -0.132521117056943 -0.127440623228006
-0.33356299643114 -0.33959189486288 -0.337718484402116 -0.344684088064239 -0.350712986495979 -0.349776281265597 -0.257770722037294 -0.36277078335946 -0.3687996817912 -0.402838425268667 -0.408867323700408 -0.471892399896398 -0.476984593097756 -0.490955582864416 -0.503989867400693 -0.573980547258806 -0.475872374400144 -0.489763799281975 -0.504711276721431 -0.575598879367511 -0.535423589503481 -0.640497366024266 -0.52234952252479 -0.613492091721329 -0.341403598111389 -0.433562437423139 -0.393488945827721 -0.375442032974914 -0.358411390237318 -0.287154902984205 -0.47592911247755 -0.348692717575397 -0.402759456125501 -0.170319094750017 -0.162695286758657 -0.162814657890143 -0.179873407501976 -0.199044262229059 -0.123462290805764 -0.102478707976552 -0.138676569773944 -0.152868180807526 -0.135245270043875
-0.329816175509612 -0.335845073941352 -0.33490836871097 -0.29892249957412 -0.305888103236243 -0.304951398005861 -0.352995064006191 -0.26192621000827 -0.359023962437931 -0.365052860869672 -0.400028309577521 -0.406993913239644 -0.413062594113798 -0.42797028911084 -0.48916173728848 -0.504069432285522 -0.511035035947644 -0.525863166059857 -0.533805257394776 -0.542604489075248 -0.551483285640549 -0.545573734536052 -0.54044175889228 -0.528344179586384 -0.459131075188996 -0.265866425873845 -0.402072572984607 -0.372830853300083 -0.271770675425307 -0.37565820943592 -0.283039221259886 -0.218151601032679 -0.289356630275201 -0.174445666708126 -0.17462289366959 -0.166800173466158 -0.120420163089216 -0.209029736419704 -0.14611680059294 -0.138055361930778 -0.139498396287244 -0.272685505812357 -0.143943203980424
-0.326966277376051 -0.290980408239201 -0.297049089113356 -0.337230228663596 -0.302181064757129 -0.301204577084332 -0.350184948315045 -0.349248243084663 -0.258219171529156 -0.391229077897049 -0.391268860339463 -0.398234464001586 -0.461259540197576 -0.468264926302113 -0.420227109987993 -0.483252186183983 -0.44295754899271 -0.443217952702047 -0.506640853322182 -0.516575702445108 -0.463525257814459 -0.578454318573341 -0.518159793183668 -0.506879571780912 -0.278605541001707 -0.262392256167251 -0.390542814302061 -0.439307581009187 -0.22014519176356 -0.240042973079406 -0.256374772298233 -0.273404582092955 -0.265173171035831 -0.183284680831013 -0.176080406318647 -0.171852584225102 -0.117695461969109 -0.16504613413688 -0.113776454633696 -0.18553705699397 -0.149642976443302 -0.178227849070394 -0.148228881903947
-0.289106997778437 -0.273268447237224 -0.293302268191828 -0.292365562961445 -0.341345934192158 -0.340409228961776 -0.339472523731394 -0.346438127393516 -0.374487754881657 -0.283458683326151 -0.501434830061606 -0.50147461250402 -0.397337541213618 -0.460402399852023 -0.467487350841388 -0.400233071475804 -0.418852797891052 -0.284872253536574 -0.344103519410604 -0.302022267405656 -0.537364556862712 -0.498398599639754 -0.298015066579034 -0.351752679160275 -0.26532171918564 -0.39713953335715 -0.303941881932464 -0.379740006012521 -0.370571889725015 -0.347557980684304 -0.230227495087967 -0.280001301148044 -0.276236430643195 -0.185856101867672 -0.176387799428415 -0.175201556918243 -0.228921096111921 -0.168633801484508 -0.163302913628663 -0.159100412453013 -0.16073512825929 -0.264658785240786 -0.150749630264402
-0.284463254068941 -0.282550061165762 -0.275550524747436 -0.329736586820539 -0.188710873919109 -0.336702190482662 -0.33576548525228 -0.363775330298006 -0.371717421632925 -0.385762126598203 -0.423547690997199 -0.436536343404851 -0.437592395962477 -0.38857809197556 -0.242505818001397 -0.259161726445749 -0.265769288126142 -0.265432955199263 -0.417348295841565 -0.417019193676946 -0.322312023459436 -0.286854192503521 -0.283834321974999 -0.309283612413613 -0.252117462254401 -0.299865958846317 -0.382629686588496 -0.235285755533121 -0.394296056847219 -0.378128404141387 -0.372179070594475 -0.302050970021555 -0.268052008986503 -0.180344375187319 -0.180246736914927 -0.168460186386087 -0.225007914658475 -0.170518030766332 -0.164091307910448 -0.161122062449644 -0.181222367840606 -0.175338097081689 -0.179045135560803
-0.321834277928035 -0.327863176359775 -0.325949983456596 -0.325053060668629 -0.332995152003548 -0.36096521460686 -0.36096521460686 -0.416984904698313 -0.473981082462563 -0.320863639941449 -0.370780716402543 -0.371677639190511 -0.369963358499404 -0.226740982658802 -0.229590880792363 -0.246785670042953 -0.255284715571673 -0.41229003539641 -0.359040678553689 -0.337866247217538 -0.384065442574215 -0.326421903106031 -0.32441830269272 -0.254104370356198 -0.25267943319154 -0.322414726083652 -0.265208793482026 -0.256858035097659 -0.253718817241894 -0.298975457681979 -0.432637742497142 -0.273093577120143 -0.263317857766874 -0.17937152318181 -0.173610235417423 -0.220013335925265 -0.167161803506688 -0.194451928921668 -0.188195178460745 -0.185576744219411 -0.177027049818729 -0.259320595209951 -0.22155310419852
-0.324116355438247 -0.322282727419897 -0.321346022189515 -0.328311625851637 -0.356321470897364 -0.412341160988817 -0.469337338753067 -0.414214571449582 -0.359171369030925 -0.35310268815677 -0.354039393387152 -0.332138011657995 -0.18061913816803 -0.213012323213916 -0.226655568087763 -0.386409512106381 -0.375833150965731 -0.295073047441106 -0.34506968878703 -0.319081541346421 -0.242625212937127 -0.258304633708682 -0.371808757302905 -0.329663799781768 -0.357344542662876 -0.313825273044799 -0.258373403576694 -0.241308828082894 -0.287154974396935 -0.282033865182709 -0.212889459240603 -0.323981291567823 -0.206151707607663 -0.166445719543229 -0.161404151409588 -0.247325170395096 -0.189262073643674 -0.185952859588704 -0.236442725807997 -0.230894828548274 -0.230883962118726 -0.223238421268272 -0.161558717352112
-0.318575688940783 -0.324604587372523 -0.351717509630282 -0.406840276933768 -0.406840276933768 -0.407737199721736 -0.352654214860664 -0.360590456509373 -0.348379379562445 -0.308357369781862 -0.30322539413809 -0.333148432086995 -0.205769599726699 -0.292768380324683 -0.353511379010461 -0.415429777581108 -0.419176598502636 -0.210578346696306 -0.273733636649087 -0.333937754528627 -0.252559205312936 -0.246865282536268 -0.304508845808696 -0.249056976340591 -0.298963210176382 -0.291588939464812 -0.302176167035009 -0.290164002300153 -0.222625396151457 -0.246081928802063 -0.207439224057515 -0.225044061433602 -0.161400539546545 -0.178969206343261 -0.178741354314079 -0.229209511478521 -0.257049360325043 -0.236084683826268 -0.175442935275926 -0.175902227393091 -0.171952858592204 -0.173338013314448 -0.166480890550022
-0.350820586842314 -0.348010471151168 -0.354976074813291 -0.424143547082054 -0.41624123818955 -0.333148408282752 -0.347970688708754 -0.216714845474382 -0.214374912134192 -0.339381235669901 -0.322475789945758 -0.325325688079319 -0.377110325314968 -0.266665878495924 -0.341851406571124 -0.345677792377482 -0.264877906410443 -0.201052188427071 -0.34399109423168 -0.324451378701806 -0.21819135967085 -0.224509601629038 -0.28822184577562 -0.302794588921832 -0.283975950294512 -0.285939792069652 -0.228676003638048 -0.279683065412972 -0.270435384240637 -0.206592950141508 -0.189193398992636 -0.256044004247866 -0.294562869250767 -0.258003329804358 -0.259699513303658 -0.213057694337086 -0.161421320441548 -0.171316363317817 -0.173587574398482 -0.155472772229024 -0.156517958357102 -0.154514334139547 -0.0589477857533175
-0.411972252577541 -0.409201919328809 -0.414333894972581 -0.208290348087154 -0.365075046644968 -0.203357284655453 -0.20433377232825 -0.186473547986162 -0.390796964494272 -0.400845311258232 -0.369736030799154 -0.365620325270592 -0.305405364765748 -0.316191504548017 -0.321034160469586 -0.240035362290475 -0.336610950029656 -0.327607813198018 -0.390962015362871 -0.341777738980993 -0.404951102321337 -0.354034471860789 -0.420097515777108 -0.421442911861182 -0.226730235250472 -0.223869494491607 -0.222545831266628 -0.219746582005029 -0.205236711432131 -0.282260860464775 -0.286325084178501 -0.19971242863224 -0.159394368891882 -0.148034558800053 -0.232245765704616 -0.137085105447664 -0.142870292481581 -0.128672283628613 -0.137789751044157 -0.151341183527578 -0.309068413197742 -0.0944737908355824 -0.0811103803304428
-0.348016320837379 -0.220926808199287 -0.206285366597793 -0.204231117312521 -0.216312004306902 -0.194484337776363 -0.329322022476394 -0.372227863146742 -0.397257620106361 -0.310009302228587 -0.305893596700025 -0.292899094606162 -0.293427132787096 -0.287398234355356 -0.283362093711623 -0.352904324077874 -0.304457840714306 -0.289073613155409 -0.356782215503309 -0.336464924512712 -0.315073507576925 -0.322805844074468 -0.330158429535431 -0.218726652418288 -0.227218490988992 -0.194116452741907 -0.216556715277302 -0.183613806799875 -0.207587511201869 -0.193377826780723 -0.220489892291364 -0.135370896169287 -0.0659462996360454 -0.161153925489185 -0.154620387621352 -0.133855456277523 -0.133043924256351 -0.127265396047274 -0.140560060488646 -0.170147574649302 -0.213774800836144 -0.252785009111676 -0.160394349685271
-0.284445989820008 -0.227840405717642 -0.224093584796113 -0.409200538252759 -0.347329152886787 -0.33172344731385 -0.182596513307843 -0.180415709737311 -0.307607853586888 -0.304020186239261 -0.269084519973826 -0.258939916013524 -0.103266911824389 -0.114206331690106 -0.195136431413935 -0.278837721133613 -0.156546089035582 -0.142995489495035 -0.239093687925243 -0.246786241980372 -0.252247343593007 -0.320693738959217 -0.270612539789372 -0.221341491564649 -0.196177908985196 -0.196188775414743 -0.190239441867831 -0.183404051962499 -0.179458318828899 -0.22102962984472 -0.143784002798037 -0.116529167411066 -0.119765166792107 -0.164265917022074 -0.19924134192568 -0.183947498072672 -0.135007742227248 -0.146935301529695 -0.16711600474836 -0.196345476927287 -0.234154416266881 -0.338982599789104 -0.220188395635071
-0.419454503662118 -0.401451841861887 -0.388627312162985 -0.231576360209623 -0.26733575839334 -0.253842157935653 -0.182777352132351 -0.150253977133919 -0.16899443195246 -0.301249852990529 -0.262896491772428 -0.251656052812086 -0.240057571870014 -0.101251612038657 -0.154211649159174 -0.128495604800324 -0.152929481870844 -0.167945681569825 -0.236073817396721 -0.242392059354909 -0.196267435943968 -0.256873013914939 -0.260739182163711 -0.213865923109156 -0.134827331037898 -0.194832536705366 -0.192470894310325 -0.184630076915086 -0.176687985580167 -0.218317152425966 -0.150029886829413 -0.132192728813982 -0.178726019274371 -0.131005581948205 -0.133208070769345 -0.127070643831422 -0.177146826257931 -0.184589795424783 -0.198083372078226 -0.162794108636979 -0.182953102800793 -0.177917384353363 -0.151009724518576
-0.342214225776957 -0.441542906320179 -0.405130797271007 -0.327992818179146 -0.27741166389836 -0.255896407220926 -0.189272797247761 -0.178350617826734 -0.195159806354533 -0.164907666241009 -0.153707009723082 -0.113480238044217 -0.11115837809159 -0.268056574290437 -0.18178474408546 -0.139367159153632 -0.21090214730789 -0.281041114310357 -0.28594526172919 -0.186690628802771 -0.192809958548887 -0.256015873569386 -0.205735762187468 -0.269129746794735 -0.218668796588309 -0.134888822535163 -0.108651114010521 -0.104495626039545 -0.176268452101172 -0.226866823022405 -0.295330435029062 -0.253020474247813 -0.181297416506787 -0.143595028855664 -0.135645682954242 -0.184012577628737 -0.197456886486268 -0.16570742747703 -0.174625982680502 -0.173381836731865 -0.123293382995516 -0.131945684803441 -0.118462926971058
-0.356520715527621 -0.390990691856504 -0.422735634647095 -0.29863760085359 -0.303378126088361 -0.283197399065453 -0.257214244563938 -0.245196230142871 -0.240881612402237 -0.265712457149784 -0.168569072591498 -0.152940300691904 -0.148166367029861 -0.161802404945691 -0.201535095004069 -0.208131814059158 -0.298060057675532 -0.228171508504216 -0.173627404449383 -0.215040442442664 -0.161989997812014 -0.230975273984463 -0.206513337648193 -0.269010399467492 -0.281596234511907 -0.230158796632685 -0.212537266945083 -0.207882680610284 -0.222576128355545 -0.149153292020246 -0.139938162528066 -0.132180481308385 -0.174529343980687 -0.133962579903413 -0.174568222067498 -0.158756349715985 -0.0987402776189696 -0.0977601304746426 -0.0881832995292025 -0.139899190701082 -0.138325942587826 -0.15457815311758 -0.143536602565067
-0.439710350763938 -0.441912863389321 -0.376706959818555 -0.394781955741355 -0.239405502036685 -0.282868296900834 -0.198992041847101 -0.19194687330015 -0.187711820444345 -0.23334821192101 -0.228375366046895 -0.238684116520191 -0.236720298549294 -0.215625432097972 -0.21334335458776 -0.163999948436225 -0.224862294449246 -0.231100971522606 -0.148865281961361 -0.160196152236079 -0.167411316982235 -0.231792631887602 -0.209482583108997 -0.279263508129734 -0.233996025064346 -0.300489445084964 -0.314414802722998 -0.265327307866396 -0.115849562640919 -0.181882809993011 -0.139214807230033 -0.188956037805712 -0.115428291863447 -0.131828765733311 -0.109969921562495 -0.158655075776305 -0.0860965867445764 -0.135085522205112 -0.123696772296172 -0.0600134441624575 -0.0518724168112231 -0.0427259857743248 -0.0344330594156927
