sesion_7_reto_final/reto_final/modelo_enebrales2050.asc
NCOLS 708 
NROWS 329 
XLLCORNER -7.525 
YLLCORNER 35.991667 
CELLSIZE 0.008333 
NODATA_value -9999 
[rows 95 to 113 of 329, columns 258 to 300 of 708]
0.0797169495894416 0.044356756905919 0.113021495143572 0.0267243607887704 0.0193789822858241 0.0193789822858241 0.0413585716280042 0.0761039137154331 -0.0275137241961715 0.0421672841566922 0.0996047044547876 0.127256507518785 0.0505339424820133 0.120696016383451 0.0334345704487196 0.0567220112557253 0.0574634399413224 0.160233365520487 0.197279762861295 0.112171132644076 0.0414412786916039 0.116930628585843 0.190356220037068 0.218889110324636 0.222805927445369 0.219467773573288 0.229355633295784 0.237134982998001 0.177574591155108 0.185165935647115 0.188023040738692 0.193310534289079 0.17050138714665 0.169741885073489 0.105212283023768 0.119107367377129 0.168468846916228 0.17319936246857 0.193169454102742 0.188001307879598 0.171986928221041 0.230675677621546 0.233449605965251
0.110634548598707 0.0407907748088989 0.102294609035401 0.0207279902329409 -0.00999069656425252 0.0084893307407084 0.104399483388391 0.0720098934374787 0.0364060369646196 0.0310715134414878 0.1098542418263 0.14377002611348 0.136981601804335 0.120431936434513 0.167688622765249 0.0575190579481338 0.058423147121804 0.185977849171759 0.191026648067659 0.108178386305801 0.0684963451193848 0.0727459000720239 0.196493623170748 0.198746784668092 0.213022953525597 0.217015699863872 0.229793240162342 0.179032103804165 0.171476970463843 0.173448059769314 0.155528581753127 0.157966177169953 0.0954569154535441 0.041957997526789 0.105606512352939 0.167546619978437 0.164693086177589 0.194652270901622 0.190959710715099 0.18091276179526 0.216082623264604 0.234860105409633 0.240823900481065
0.114757484889529 0.110782811938818 0.0955952587688259 0.0584498253115045 0.0174404614285784 0.0202216611068573 0.024313443561645 -0.00989305829186006 -0.0639308332206096 -0.056408251560442 0.0929863169171618 0.130547648186191 0.0690618873472526 0.0786676343055601 0.185138741641455 0.0738408950930171 0.068220639906481 0.0719566182027058 0.0677576477454706 0.0607219883562603 0.177264055866569 0.0766785289529105 0.0738286308193498 0.198710637892965 0.212504448306647 0.227753492973904 0.170782595555234 0.170601756730726 0.18230153541672 0.177325094447632 0.156219361566763 0.0411623486785009 0.0318712255922216 0.0366162432413973 0.153825143687324 0.160425498409701 0.112168418100464 0.11704722079716 0.118960413700338 0.228686514928512 0.222107909833301 0.224693768590237 0.240020980298203
0.167959828527576 0.165344989381215 0.156527660508935 0.161442650553072 0.110724932304596 0.108236711820052 0.0996689440318064 -0.0176036857345526 -0.0955464428057708 -0.051294349304233 0.0235403675514976 0.0275150405022087 0.13064892212587 0.140873114775245 0.147397499707765 0.192165860605086 0.176910942447375 0.077345385692772 0.0669222808313256 0.051861305750837 0.0183564501405147 0.133846036383928 0.142558496221555 0.0840564185636971 0.10342704224997 0.0852232136464288 0.097613772146059 0.162202627869878 0.154191790471191 0.162054340725524 0.0747178293565412 0.0190959636892319 0.0882634359579954 0.153990146947436 0.142254221486314 0.1698770847332 0.168010881230453 0.165508182453318 0.155307936681961 0.220999834363837 0.1993615876557 0.225958242517675 0.152783505045732
0.115639946152977 0.160795288849138 0.162968885461654 0.162845902467124 0.110992566776193 0.0986960514539828 0.0992349322602209 0.000421565671890175 -0.0072131325532606 -0.0528277911708313 -0.0371592130245794 0.0989862993360348 0.129386726593913 0.134956332908488 0.0744579023676495 0.206317713000497 0.195912681526615 0.205670351296563 0.180401019131097 -0.0497124725845968 -0.09517026305992 0.0692802875590794 0.145267337973021 0.0866495486552077 0.161093648044811 0.168969278747615 0.150835546443476 0.123429685564296 0.133657513880957 0.127411565473024 0.068996324034569 0.0171032059012245 0.0205317672834377 0.0690867315447015 0.169135656047603 0.163030804594078 0.158893366206422 0.220978125308986 0.227495279479246 0.210963687496988 0.209390503760289 0.218157183760607 0.230804493534216
0.113726753249798 0.113455483110914 0.170661439516783 0.159934512836298 0.176100832074567 0.110453685969955 0.110544117284331 0.123520569794874 0.0921580925844758 0.0938036748203007 -0.0435222303642753 0.0163744944054968 0.021813886963281 0.0600999069979064 0.0609172649010453 0.0723494329196859 0.118683811168003 0.184777128368996 0.189663202400265 0.0174016953268122 0.119762906248042 0.128609151133189 0.0921047767773889 0.101204194609613 0.109175225761642 0.121483940980963 0.126138527315763 0.128055355886228 0.0718548269702667 0.133961295127682 0.140586930195638 0.0116927293563075 0.080122408606761 0.131758758698055 0.166654642521076 0.15477766067786 0.158622119871781 0.151510466888471 0.153832326841098 0.211303656091154 0.208862465579355 0.208149976710868 0.222352413601683
0.118417486359725 0.111600146037713 0.117343360414536 0.165927264492911 0.162986958849218 0.175681298595572 0.114500693043235 0.110019714770684 0.130493404219256 0.0963823028149772 -0.0434752171596008 -0.0648847074829513 0.0182117580911337 0.038542129530202 0.0631125705684117 0.0655827176653921 0.0629064275940798 0.194769873894214 0.126345187582854 0.0296330596802273 0.132240260394761 0.119937418665894 0.124606442720971 0.120291801176093 0.00337949178694505 0.0420271894705869 -0.00446631854738772 -0.00131623426207539 0.0725130551037479 0.0704768792060391 0.00116835055518165 0.0807299878682807 0.00524427364132898 0.131281345584839 0.162940373279702 0.0968434204114218 0.159229699133301 0.154910088453574 0.216793673716656 0.210641832862699 0.205173500487804 0.208356095880957 0.216493487564904
0.0918072981330769 0.112518777880532 0.115647153110993 0.123104648178923 0.174686737535212 0.175981484747324 0.0429643476171713 0.11835242357173 0.116236682789193 0.100013412076549 0.0182840516413884 -0.0317573650860427 -0.0301913715392901 0.0382817258208648 0.0342745011899991 0.0528775114894903 0.0640781918116613 0.0539335640471157 0.0248012463839628 0.116167960529668 0.122078439794012 0.120675187879961 0.0722287045163932 -0.0135548937543079 -0.000884500885970697 -0.0812069975440367 -0.00318243776482294 0.0581464549318678 0.128348270703406 0.133331983007068 0.12700651028662 0.00899473023014444 0.0530831539391335 0.121339265699653 0.154510026206263 0.0912014799742784 0.158253211460504 0.148790758707457 0.219842484062289 0.118590617701528 0.102240768899381 0.206677961964978 0.216775600329092
0.0290086928902199 0.0866752986850608 0.123296329628735 0.111914810482056 0.12914441304021 0.116670653988464 0.122493433250116 0.128359630621469 0.0475683088842529 0.0419937334348286 0.101919374217468 0.0244142240128082 0.0556139357862617 0.0496537358098031 0.0302600457968735 0.143672404609158 0.144435542349606 0.150070211452175 0.0261502543310796 -0.00674930041320367 0.0460936272032369 -0.00725700357916415 0.0773896199772766 0.122118198432183 0.13058112099002 0.119205475333795 0.0660356833759019 0.0567323603925128 0.0933823073490542 0.154455765471258 0.125628562522392 0.0792110242942732 0.00143236612756251 0.131013711113242 0.154687229363484 0.16556965014634 0.168007221758922 0.145651517047449 0.211343414729324 0.0124210061807041 0.0247297214000246 0.207755723577454 0.130790828218909
-0.147713545621612 0.0132894896762499 0.0157415633856665 0.122319841955938 0.130149816725874 0.132836973226734 0.137777267420694 0.138214874287253 0.12115167283333 0.0424638919815415 0.0499069087568803 0.108215907120806 0.0546772305558796 0.0601781146109291 0.116931962053405 0.147751922790278 0.05592855965829 0.0604240162234322 -0.0878312991444305 0.0114893414979019 -0.00679048069973829 0.070550570600414 0.136819798063379 0.136993365553314 0.0993836470397334 0.153331014458351 0.153989242591832 0.104714534895578 0.163764961945101 0.159421404387356 0.124825682911844 0.00423525105644879 0.0731784663910024 0.0493241331204952 0.091017005482483 0.0934184303199382 0.15882100827961 0.122767774155041 0.0964722503727349 0.0887182048203409 0.0858465976319294 0.0842625068933697 0.00264526302319183
-0.112528318272143 -0.0877879048389724 -0.0909162800694339 -0.0930681676270991 -0.087071820875513 0.101112858939633 0.115120019285663 0.111261081799151 0.14225828626556 0.138764597718794 0.0549448412232334 0.0298463858083326 0.0308228734811291 0.0639936339877392 0.0366998729054718 0.0356618937354102 -0.0564869596981536 -0.102289664098249 -0.0839579239376422 0.062854380877998 0.0657657705088239 0.130899380529335 0.127749296244023 0.0910328648511232 0.0970907030999743 0.150799375864105 0.160755934041882 0.0929012823727943 0.0368237364513627 0.0885685674403534 0.0574918386614303 -0.000289145325804166 0.122225322058073 0.142192682380562 0.169142839201376 0.0965070231079854 0.168108495698602 0.210793667493539 0.0932426012025938 0.095304057445883 0.0934885028150968 0.0799646052684934 -0.00915712307004493
-0.121446016728498 -0.130552665322982 -0.136013766935617 -0.192771250045381 -0.131113255184071 0.0574511756676552 0.0585035925579934 0.108074826934468 0.1017313046307 0.145509603918237 0.0664818544722832 0.0383128796568989 0.0328119956018495 0.108852426199436 -0.0297031396050136 0.0278282832981873 -0.0675962637780304 -0.0796975669320136 -0.013753846538694 0.070745847145199 0.126848737788768 0.131553972995529 0.15553488435554 0.0781057039407359 0.0992642997124901 0.216536929478849 0.130832896092977 0.0767661813471166 0.0801440938573683 0.0402812138464433 0.128312100124035 -0.00945141192709928 0.0728240600765598 0.133165598670907 0.0913243985922512 0.166701608117263 0.0760572805374305 0.0711024842466357 0.0429914058335435 0.0320692026082735 0.0430094792211073 0.149056107747401 0.14646297765589
0.150313357948752 0.138168741633939 -0.0102276301160176 -0.0075223596552805 0.042121168271449 0.120812584790524 0.113720403038899 0.065216063845353 0.114364152879789 0.119152548066352 0.0726590400483776 0.0708434854175915 0.0586880264774747 0.121076583594835 0.057715150667722 -0.0210811110817625 -0.0833213642866976 -0.001092946060027 0.0696391457156122 0.0714583360136853 0.124942751843606 0.166453451913523 0.166771711452838 0.106674741003431 0.165424981901202 0.145383930184338 0.219506174939653 0.0756703463470768 0.082993991990929 0.0527309854478577 -0.00653642720130049 -0.00531040224871387 -0.0369875033311402 0.126717142955928 0.0959464738192107 0.16314283297826 0.0830626666419674 0.0695798850053412 0.0428901318938641 0.148224288319742 0.0384055179540255 0.0564103937731804 0.0544574184275873
0.0818389271210343 0.166504981336845 0.155915515943481 0.143383941634071 0.130736591288147 0.168619817763779 0.125506977371982 0.109300916263612 0.0597549622327179 0.117271906843328 0.153249147373797 0.150945360808735 0.142471636197908 0.116765577717244 0.0226926887551983 -0.031721225347088 -0.0812020522134303 0.0538417516566903 -0.0265096610142431 0.114671545989557 0.122335184031819 0.161683130114523 0.16633410458628 0.173896468688862 0.203331250899247 0.221184268283318 0.163667283100394 0.171435806945379 0.0603150586052904 0.0547237432358652 0.029693986276246 -0.0197348582505719 -0.0553409763508412 0.0204571239249719 0.161457532676578 0.0710446284166577 0.0789722820313 0.0380221312501581 0.0474759553968246 -0.00141172992827459 -0.094934936031093 -0.016265204762625 -0.0333695865030826
0.179857549216681 0.203979516958785 0.125683687040687 0.173950769996181 0.153289834171816 0.117730729276221 0.171050182418344 0.129235724905947 0.0595994681303474 0.118371353706411 0.118082033984207 0.11598800225652 0.145900173775878 0.108306290826695 0.0535632745597894 0.0542106362637237 -0.186288909182685 -0.184567421533562 -0.129075745818799 -0.109671213180566 -0.106633245460237 0.0408300567266243 0.0496473855989037 0.167165940782009 0.143221176197126 0.163840891162642 0.168224231162801 0.142330126899612 0.141389786001943 0.0810156719231982 0.0890699036273438 0.02983504265834 -0.114489041672756 0.0223811594534542 0.0424199733471512 -0.0160011653860008 -0.0156214143494204 -0.011686547645367 -0.134436138393001 -0.00576978958285313 -0.0887360414001479 -0.185152499369671 -0.113596682711923
0.120190954871572 0.21322362684039 0.198395472923934 0.168816039236482 0.16167316804058 0.167000444033381 0.153051139517329 0.136125358778213 0.120790916307988 0.0569376157793115 0.055270324488636 0.031325559903753 0.0296112792126464 0.0192048904669575 -0.0363771927579374 0.11426646699891 -0.0869127149100988 -0.18683865641847 0.0131362095928027 -0.0976988308881247 -0.0970116629375326 0.0352098253443317 0.0419258917266641 0.0406998667740774 0.0463996630411989 0.0373567437671469 0.0443910696887945 0.0222112108627363 0.0200991057474857 0.0518955541571551 -0.0293275009561656 -0.00375525132726486 0.0209960047312099 -0.0170680605689298 -0.151565776674796 -0.160553077942036 -0.103347145340411 -0.0174550661720136 -0.0188691607113686 -0.0220807364939461 -0.0179578002031243 0.0280366094510268 -0.0316069185674248
0.131996976632096 0.126297180364975 0.122624050837821 0.200724604211134 0.1916359884319 0.193777033364261 0.155503213226746 0.178543824261401 0.133586489421708 0.123452704282466 -0.160765046798336 -0.0231787617086659 0.0217546024487667 0.0260294377469861 -0.0268618771140057 0.0295556374015917 -0.17578989890794 -0.03512222798824 0.0171217251688176 -0.0954312316705035 -0.0949610493195472 -0.0879845792278776 0.0493232525691346 0.0106176990555145 0.0133084674194175 -0.131230364688148 -0.183543016300487 -0.182964353051834 -0.100150000241937 -0.0670081795524379 -0.124702367892584 -0.0173862963040017 -0.154914749367937 -0.0852373361100459 -0.0867418619637768 -0.0180626454335334 0.0164584802919997 0.0167875824566187 0.0110082213046684 0.0222428105787998 0.017577357814453 0.00465019690406572 -0.0123239710796016
0.147050720950325 0.122742040893258 0.127123143070251 0.190840380155926 0.184880139607153 0.105403940669337 0.083688390703781 0.0923624015665562 0.0815414722809657 0.0505732243997387 -0.110077642406847 -0.0265472294377341 -0.023921547666069 -0.146741217945035 -0.138401302185971 -0.0875352967931416 -0.159638081766505 -0.0357912987470249 0.0148179386037549 -0.121813567867969 -0.125712287796895 -0.178422763833378 -0.175851342796719 -0.188022637301232 -0.236259365827424 -0.248369168834673 -0.177447633432388 -0.177328286105145 -0.0311308151175278 -0.0328450958086344 0.020205348822015 0.0166176576701441 -0.0449029164763586 -0.119804117768447 -0.0352863506969908 -0.0355756942234387 -0.0151788383480121 0.0402730311200925 0.0143463513725058 0.00782919720224543 -0.0678952116791928 -0.0706655449279247 -0.0164397004124067
0.0940509013873935 0.168803815535129 0.0861101673242808 0.0628575398248396 0.187095820861808 0.107129063985747 0.0639836719137962 0.086452850462059 0.0820695104619001 0.079906756474688 0.0665491956557589 0.0515786280854027 -0.0286426184372272 -0.135562246677715 0.0981050202017167 0.0212680840087247 0.0449805279542639 0.0221307416223034 -0.0401565415553767 -0.0426773137200752 -0.179699437657927 -0.0920822113688757 -0.0361818686046656 -0.0361601595498149 -0.037295776992269 -0.0424616853922456 0.0135580046992078 0.0126212994688256 0.0195869031309481 0.116684655560609 0.00175559480172748 -0.00191166123497204 0.000569328487311866 -0.0821148343700383 -0.0685981675856949 -0.0532478727830017 -0.0518627180607574 0.00875505980732378 -0.00215042730218866 -0.0645281417942447 -0.0694901450430561 -0.0721411309645448 -0.072260478291788
